MFEM mesh v1.0

#
# MFEM Geometry Types (see mesh/geom.hpp):
#
# POINT       = 0
# SEGMENT     = 1
# TRIANGLE    = 2
# SQUARE      = 3
# TETRAHEDRON = 4
# CUBE        = 5
# PRISM       = 6
# PYRAMID     = 7
#

dimension
3

elements
160
1 5 8 50 163 53 58 164 247 167
1 5 50 16 51 163 164 59 165 247
1 5 163 51 40 52 247 165 60 166
1 5 53 163 52 22 167 247 166 61
1 5 58 164 247 167 9 54 168 57
1 5 164 59 165 247 54 17 55 168
1 5 247 165 60 166 168 55 41 56
1 5 167 247 166 61 57 168 56 23
1 5 16 62 169 51 59 170 248 165
1 5 62 10 63 169 170 68 171 248
1 5 169 63 18 64 248 171 69 172
1 5 51 169 64 40 165 248 172 60
1 5 59 170 248 165 17 65 173 55
1 5 170 68 171 248 65 11 66 173
1 5 248 171 69 172 173 66 19 67
1 5 165 248 172 60 55 173 67 41
1 5 40 64 174 72 60 172 249 177
1 5 64 18 70 174 172 69 175 249
1 5 174 70 12 71 249 175 76 176
1 5 72 174 71 20 177 249 176 77
1 5 60 172 249 177 41 67 178 75
1 5 172 69 175 249 67 19 73 178
1 5 249 175 76 176 178 73 13 74
1 5 177 249 176 77 75 178 74 21
1 5 22 52 179 79 61 166 250 181
1 5 52 40 72 179 166 60 177 250
1 5 179 72 20 78 250 177 77 180
1 5 79 179 78 14 181 250 180 82
1 5 61 166 250 181 23 56 182 81
1 5 166 60 177 250 56 41 75 182
1 5 250 177 77 180 182 75 21 80
1 5 181 250 180 82 81 182 80 15
1 5 0 83 183 86 91 184 251 187
1 5 83 24 84 183 184 92 185 251
1 5 183 84 42 85 251 185 93 186
1 5 86 183 85 28 187 251 186 94
1 5 91 184 251 187 1 87 188 90
1 5 184 92 185 251 87 25 88 188
1 5 251 185 93 186 188 88 43 89
1 5 187 251 186 94 90 188 89 29
1 5 24 95 189 84 92 190 252 185
1 5 95 2 96 189 190 101 191 252
1 5 189 96 26 97 252 191 102 192
1 5 84 189 97 42 185 252 192 93
1 5 92 190 252 185 25 98 193 88
1 5 190 101 191 252 98 3 99 193
1 5 252 191 102 192 193 99 27 100
1 5 185 252 192 93 88 193 100 43
1 5 42 97 194 104 93 192 253 196
1 5 97 26 103 194 192 102 195 253
1 5 194 103 10 62 253 195 68 170
1 5 104 194 62 16 196 253 170 59
1 5 93 192 253 196 43 100 197 106
1 5 192 102 195 253 100 27 105 197
1 5 253 195 68 170 197 105 11 65
1 5 196 253 170 59 106 197 65 17
1 5 28 85 198 107 94 186 254 199
1 5 85 42 104 198 186 93 196 254
1 5 198 104 16 50 254 196 59 164
1 5 107 198 50 8 199 254 164 58
1 5 94 186 254 199 29 89 200 108
1 5 186 93 196 254 89 43 106 200
1 5 254 196 59 164 200 106 17 54
1 5 199 254 164 58 108 200 54 9
1 5 2 109 201 96 101 202 255 191
1 5 109 30 110 201 202 115 203 255
1 5 201 110 44 111 255 203 116 204
1 5 96 201 111 26 191 255 204 102
1 5 101 202 255 191 3 112 205 99
1 5 202 115 203 255 112 31 113 205
1 5 255 203 116 204 205 113 45 114
1 5 191 255 204 102 99 205 114 27
1 5 30 117 206 110 115 207 256 203
1 5 117 4 118 206 207 123 208 256
1 5 206 118 32 119 256 208 124 209
1 5 110 206 119 44 203 256 209 116
1 5 115 207 256 203 31 120 210 113
1 5 207 123 208 256 120 5 121 210
1 5 256 208 124 209 210 121 33 122
1 5 203 256 209 116 113 210 122 45
1 5 44 119 211 126 116 209 257 213
1 5 119 32 125 211 209 124 212 257
1 5 211 125 12 70 257 212 76 175
1 5 126 211 70 18 213 257 175 69
1 5 116 209 257 213 45 122 214 128
1 5 209 124 212 257 122 33 127 214
1 5 257 212 76 175 214 127 13 73
1 5 213 257 175 69 128 214 73 19
1 5 26 111 215 103 102 204 258 195
1 5 111 44 126 215 204 116 213 258
1 5 215 126 18 63 258 213 69 171
1 5 103 215 63 10 195 258 171 68
1 5 102 204 258 195 27 114 216 105
1 5 204 116 213 258 114 45 128 216
1 5 258 213 69 171 216 128 19 66
1 5 195 258 171 68 105 216 66 11
1 5 6 129 217 132 137 218 259 221
1 5 129 34 130 217 218 138 219 259
1 5 217 130 46 131 259 219 139 220
1 5 132 217 131 36 221 259 220 140
1 5 137 218 259 221 7 133 222 136
1 5 218 138 219 259 133 35 134 222
1 5 259 219 139 220 222 134 47 135
1 5 221 259 220 140 136 222 135 37
1 5 34 141 223 130 138 224 260 219
1 5 141 14 78 223 224 82 180 260
1 5 223 78 20 142 260 180 77 225
1 5 130 223 142 46 219 260 225 139
1 5 138 224 260 219 35 143 226 134
1 5 224 82 180 260 143 15 80 226
1 5 260 180 77 225 226 80 21 144
1 5 219 260 225 139 134 226 144 47
1 5 46 142 227 145 139 225 261 228
1 5 142 20 71 227 225 77 176 261
1 5 227 71 12 125 261 176 76 212
1 5 145 227 125 32 228 261 212 124
1 5 139 225 261 228 47 144 229 146
1 5 225 77 176 261 144 21 74 229
1 5 261 176 76 212 229 74 13 127
1 5 228 261 212 124 146 229 127 33
1 5 36 131 230 147 140 220 262 231
1 5 131 46 145 230 220 139 228 262
1 5 230 145 32 118 262 228 124 208
1 5 147 230 118 4 231 262 208 123
1 5 140 220 262 231 37 135 232 148
1 5 220 139 228 262 135 47 146 232
1 5 262 228 124 208 232 146 33 121
1 5 231 262 208 123 148 232 121 5
1 5 0 86 233 151 91 187 263 236
1 5 86 28 149 233 187 94 234 263
1 5 233 149 48 150 263 234 155 235
1 5 151 233 150 38 236 263 235 156
1 5 91 187 263 236 1 90 237 154
1 5 187 94 234 263 90 29 152 237
1 5 263 234 155 235 237 152 49 153
1 5 236 263 235 156 154 237 153 39
1 5 28 107 238 149 94 199 264 234
1 5 107 8 53 238 199 58 167 264
1 5 238 53 22 157 264 167 61 239
1 5 149 238 157 48 234 264 239 155
1 5 94 199 264 234 29 108 240 152
1 5 199 58 167 264 108 9 57 240
1 5 264 167 61 239 240 57 23 158
1 5 234 264 239 155 152 240 158 49
1 5 48 157 241 159 155 239 265 242
1 5 157 22 79 241 239 61 181 265
1 5 241 79 14 141 265 181 82 224
1 5 159 241 141 34 242 265 224 138
1 5 155 239 265 242 49 158 243 160
1 5 239 61 181 265 158 23 81 243
1 5 265 181 82 224 243 81 15 143
1 5 242 265 224 138 160 243 143 35
1 5 38 150 244 161 156 235 266 245
1 5 150 48 159 244 235 155 242 266
1 5 244 159 34 129 266 242 138 218
1 5 161 244 129 6 245 266 218 137
1 5 156 235 266 245 39 153 246 162
1 5 235 155 242 266 153 49 160 246
1 5 266 242 138 218 246 160 35 133
1 5 245 266 218 137 162 246 133 7

boundary
192
1 3 0 83 184 91
1 3 83 24 92 184
1 3 184 92 25 87
1 3 91 184 87 1
1 3 24 95 190 92
1 3 95 2 101 190
1 3 190 101 3 98
1 3 92 190 98 25
1 3 4 147 231 123
1 3 147 36 140 231
1 3 231 140 37 148
1 3 123 231 148 5
1 3 36 132 221 140
1 3 132 6 137 221
1 3 221 137 7 136
1 3 140 221 136 37
1 3 2 109 202 101
1 3 109 30 115 202
1 3 202 115 31 112
1 3 101 202 112 3
1 3 30 117 207 115
1 3 117 4 123 207
1 3 207 123 5 120
1 3 115 207 120 31
1 3 6 161 245 137
1 3 161 38 156 245
1 3 245 156 39 162
1 3 137 245 162 7
1 3 38 151 236 156
1 3 151 0 91 236
1 3 236 91 1 154
1 3 156 236 154 39
2 3 8 53 163 50
2 3 53 22 52 163
2 3 163 52 40 51
2 3 50 163 51 16
2 3 9 54 168 57
2 3 54 17 55 168
2 3 168 55 41 56
2 3 57 168 56 23
2 3 16 51 169 62
2 3 51 40 64 169
2 3 169 64 18 63
2 3 62 169 63 10
2 3 17 65 173 55
2 3 65 11 66 173
2 3 173 66 19 67
2 3 55 173 67 41
2 3 40 72 174 64
2 3 72 20 71 174
2 3 174 71 12 70
2 3 64 174 70 18
2 3 41 67 178 75
2 3 67 19 73 178
2 3 178 73 13 74
2 3 75 178 74 21
2 3 22 79 179 52
2 3 79 14 78 179
2 3 179 78 20 72
2 3 52 179 72 40
2 3 23 56 182 81
2 3 56 41 75 182
2 3 182 75 21 80
2 3 81 182 80 15
2 3 0 86 183 83
2 3 86 28 85 183
2 3 183 85 42 84
2 3 83 183 84 24
2 3 1 87 188 90
2 3 87 25 88 188
2 3 188 88 43 89
2 3 90 188 89 29
2 3 24 84 189 95
2 3 84 42 97 189
2 3 189 97 26 96
2 3 95 189 96 2
2 3 25 98 193 88
2 3 98 3 99 193
2 3 193 99 27 100
2 3 88 193 100 43
2 3 42 104 194 97
2 3 104 16 62 194
2 3 194 62 10 103
2 3 97 194 103 26
2 3 43 100 197 106
2 3 100 27 105 197
2 3 197 105 11 65
2 3 106 197 65 17
2 3 28 107 198 85
2 3 107 8 50 198
2 3 198 50 16 104
2 3 85 198 104 42
2 3 29 89 200 108
2 3 89 43 106 200
2 3 200 106 17 54
2 3 108 200 54 9
2 3 2 96 201 109
2 3 96 26 111 201
2 3 201 111 44 110
2 3 109 201 110 30
2 3 3 112 205 99
2 3 112 31 113 205
2 3 205 113 45 114
2 3 99 205 114 27
2 3 30 110 206 117
2 3 110 44 119 206
2 3 206 119 32 118
2 3 117 206 118 4
2 3 31 120 210 113
2 3 120 5 121 210
2 3 210 121 33 122
2 3 113 210 122 45
2 3 44 126 211 119
2 3 126 18 70 211
2 3 211 70 12 125
2 3 119 211 125 32
2 3 45 122 214 128
2 3 122 33 127 214
2 3 214 127 13 73
2 3 128 214 73 19
2 3 26 103 215 111
2 3 103 10 63 215
2 3 215 63 18 126
2 3 111 215 126 44
2 3 27 114 216 105
2 3 114 45 128 216
2 3 216 128 19 66
2 3 105 216 66 11
2 3 6 132 217 129
2 3 132 36 131 217
2 3 217 131 46 130
2 3 129 217 130 34
2 3 7 133 222 136
2 3 133 35 134 222
2 3 222 134 47 135
2 3 136 222 135 37
2 3 34 130 223 141
2 3 130 46 142 223
2 3 223 142 20 78
2 3 141 223 78 14
2 3 35 143 226 134
2 3 143 15 80 226
2 3 226 80 21 144
2 3 134 226 144 47
2 3 46 145 227 142
2 3 145 32 125 227
2 3 227 125 12 71
2 3 142 227 71 20
2 3 47 144 229 146
2 3 144 21 74 229
2 3 229 74 13 127
2 3 146 229 127 33
2 3 36 147 230 131
2 3 147 4 118 230
2 3 230 118 32 145
2 3 131 230 145 46
2 3 37 135 232 148
2 3 135 47 146 232
2 3 232 146 33 121
2 3 148 232 121 5
2 3 0 151 233 86
2 3 151 38 150 233
2 3 233 150 48 149
2 3 86 233 149 28
2 3 1 90 237 154
2 3 90 29 152 237
2 3 237 152 49 153
2 3 154 237 153 39
2 3 28 149 238 107
2 3 149 48 157 238
2 3 238 157 22 53
2 3 107 238 53 8
2 3 29 108 240 152
2 3 108 9 57 240
2 3 240 57 23 158
2 3 152 240 158 49
2 3 48 159 241 157
2 3 159 34 141 241
2 3 241 141 14 79
2 3 157 241 79 22
2 3 49 158 243 160
2 3 158 23 81 243
2 3 243 81 15 143
2 3 160 243 143 35
2 3 38 161 244 150
2 3 161 6 129 244
2 3 244 129 34 159
2 3 150 244 159 48
2 3 39 153 246 162
2 3 153 49 160 246
2 3 246 160 35 133
2 3 162 246 133 7

vertices
267

nodes
FiniteElementSpace
FiniteElementCollection: H1_3D_P4
VDim: 3
Ordering: 0

-0.70710678
-0.70710678
0.70710678
0.70710678
0.70710678
0.70710678
-0.70710678
-0.70710678
-0.35355339
-0.35355339
0.35355339
0.35355339
0.35355339
0.35355339
-0.35355339
-0.35355339
0
0
0.35355339
0.35355339
0
0
-0.35355339
-0.35355339
0
0
0.53033009
0.53033009
-0.53033009
-0.53033009
1
1
0.53033009
0.53033009
-0.53033009
-0.53033009
0
0
-1
-1
0
0
0
0
0.67218959
0.67218959
-2.4532695e-17
-2.4532695e-17
-0.67218959
-0.67218959
-0.1767767
0
-0.1767767
-0.35355339
-0.1767767
0
-0.1767767
-0.35355339
-0.35355339
0
0
-0.35355339
0.1767767
0.35355339
0.1767767
0.1767767
0.35355339
0.1767767
0.35355339
0.35355339
0.35355339
0.1767767
0
0.35355339
0.1767767
0
0.35355339
0
-0.1767767
-0.35355339
-0.1767767
-0.35355339
-0.35355339
-0.39593234
0
-0.28036316
-0.61871843
-0.39593234
0
-0.28036316
-0.61871843
-0.70710678
0
0
-0.53033009
0.39593234
0.61871843
0.28036316
0.39593234
0.61871843
0.28036316
0.70710678
0.53033009
0.44194174
0
0.44194174
0
-0.44194174
-0.44194174
0.91799973
0.83480637
0.63469202
0.91799973
0.83480637
0.63469202
1
0.67218959
0.91799973
0.61871843
0.63469202
0.91799973
0.61871843
0.63469202
0.70710678
0.53033009
0.44194174
0.51185561
0.44194174
0.51185561
-0.61871843
-0.28036316
2.635181e-18
-0.39593234
-0.61871843
-0.28036316
2.635181e-18
-0.39593234
-0.70710678
-0.53033009
-2.4532695e-17
0
-0.44194174
-9.0462641e-18
-0.44194174
-9.0462641e-18
0.28036316
0.28036316
0.39593234
0.39593234
-0.63469202
-0.83480637
-0.91799973
-0.63469202
-0.83480637
-0.91799973
-0.67218959
-1
-0.51185561
-0.51185561
-0.63469202
-0.63469202
-0.91799973
-0.91799973
-0.1767767
-0.1767767
0
-0.1767767
-0.35355339
-0.1767767
0.1767767
0.1767767
0.35355339
0.1767767
0.1767767
0.1767767
0.35355339
0.1767767
0
0.1767767
-0.1767767
-0.1767767
-0.35355339
-0.1767767
-0.33654957
-0.39593234
0
-0.28036316
-0.61871843
-0.33654957
0.33654957
0.39593234
0.61871843
0.28036316
0.33654957
0.22716814
0.44194174
0
0.22716814
-0.22716814
-0.44194174
-0.22716814
0.77603632
0.91799973
0.83480637
0.63469202
0.77603632
0.77603632
0.91799973
0.61871843
0.63469202
0.77603632
0.49388688
0.44194174
0.51185561
0.49388688
0.49388688
0.49388688
-0.33654957
-0.61871843
-0.28036316
2.635181e-18
-0.39593234
-0.33654957
-0.22716814
-0.44194174
-9.0462641e-18
-0.22716814
0.22716814
0.28036316
0.22716814
0.33654957
0.39593234
0.33654957
-0.77603632
-0.63469202
-0.83480637
-0.91799973
-0.77603632
-0.49388688
-0.51185561
-0.49388688
-0.49388688
-0.63469202
-0.49388688
-0.77603632
-0.91799973
-0.77603632
-0.1767767
0.1767767
0.1767767
-0.1767767
-0.33654957
0.33654957
0.22716814
-0.22716814
0.77603632
0.77603632
0.49388688
0.49388688
-0.33654957
-0.22716814
0.22716814
0.33654957
-0.77603632
-0.49388688
-0.49388688
-0.77603632
-0.32302879987267
-0.26516504643654
-0.20730129159945
-0.1767767
-0.1767767
-0.1767767
-0.32302879987267
-0.26516504643654
-0.20730129159945
-0.35355339
-0.35355339
-0.35355339
-0.32302879987267
-0.26516504643654
-0.20730129159945
-0.1767767
-0.1767767
-0.1767767
-0.32302879987267
-0.26516504643654
-0.20730129159945
-0.35355339
-0.35355339
-0.35355339
-0.35355339
-0.35355339
-0.35355339
-0.1767767
-0.1767767
-0.1767767
-0.1767767
-0.1767767
-0.1767767
-0.35355339
-0.35355339
-0.35355339
-0.03052459088895
-0.088388348985331
-0.14625210778178
0
0
0
-0.03052459088895
-0.088388348985331
-0.14625210778178
-0.03052459088895
-0.088388348985331
-0.14625210778178
0
0
0
-0.03052459088895
-0.088388348985331
-0.14625210778178
0
0
0
0
0
0
0
0
0
-0.03052459088895
-0.088388348985331
-0.14625210778178
-0.1767767
-0.1767767
-0.1767767
0
0
0
-0.03052459088895
-0.088388348985331
-0.14625210778178
-0.1767767
-0.1767767
-0.1767767
0
0
0
-0.1767767
-0.1767767
-0.1767767
-0.32302879987267
-0.26516504643654
-0.20730129159945
-0.35355339
-0.35355339
-0.35355339
-0.32302879987267
-0.26516504643654
-0.20730129159945
-0.35355339
-0.35355339
-0.35355339
-0.35355339
-0.35355339
-0.35355339
-0.32302879987267
-0.26516504643654
-0.20730129159945
-0.1767767
-0.1767767
-0.1767767
-0.32302879987267
-0.26516504643654
-0.20730129159945
-0.35355339
-0.35355339
-0.35355339
-0.35355339
-0.35355339
-0.35355339
-0.1767767
-0.1767767
-0.1767767
-0.1767767
-0.1767767
-0.1767767
-0.35355339
-0.35355339
-0.35355339
-0.03052459088895
-0.088388348985331
-0.14625210778178
0
0
0
-0.03052459088895
-0.088388348985331
-0.14625210778178
0
0
0
0
0
0
0
0
0
-0.03052459088895
-0.088388348985331
-0.14625210778178
-0.1767767
-0.1767767
-0.1767767
0
0
0
-0.1767767
-0.1767767
-0.1767767
-0.32302879987267
-0.26516504643654
-0.20730129159945
-0.35355339
-0.35355339
-0.35355339
-0.35355339
-0.35355339
-0.35355339
0.03052459088895
0.088388348985331
0.14625210778178
0.1767767
0.1767767
0.1767767
0.03052459088895
0.088388348985331
0.14625210778178
0.03052459088895
0.088388348985331
0.14625210778178
0.1767767
0.1767767
0.1767767
0.03052459088895
0.088388348985331
0.14625210778178
0.1767767
0.1767767
0.1767767
0.1767767
0.1767767
0.1767767
0.32302879987267
0.26516504643654
0.20730129159945
0.35355339
0.35355339
0.35355339
0.32302879987267
0.26516504643654
0.20730129159945
0.32302879987267
0.26516504643654
0.20730129159945
0.35355339
0.35355339
0.35355339
0.32302879987267
0.26516504643654
0.20730129159945
0.35355339
0.35355339
0.35355339
0.35355339
0.35355339
0.35355339
0.35355339
0.35355339
0.35355339
0.32302879987267
0.26516504643654
0.20730129159945
0.1767767
0.1767767
0.1767767
0.35355339
0.35355339
0.35355339
0.32302879987267
0.26516504643654
0.20730129159945
0.1767767
0.1767767
0.1767767
0.35355339
0.35355339
0.35355339
0.1767767
0.1767767
0.1767767
0.03052459088895
0.088388348985331
0.14625210778178
0.03052459088895
0.088388348985331
0.14625210778178
0.03052459088895
0.088388348985331
0.14625210778178
0.1767767
0.1767767
0.1767767
0.03052459088895
0.088388348985331
0.14625210778178
0.1767767
0.1767767
0.1767767
0.1767767
0.1767767
0.1767767
0.32302879987267
0.26516504643654
0.20730129159945
0.35355339
0.35355339
0.35355339
0.32302879987267
0.26516504643654
0.20730129159945
0.35355339
0.35355339
0.35355339
0.35355339
0.35355339
0.35355339
0.35355339
0.35355339
0.35355339
0.32302879987267
0.26516504643654
0.20730129159945
0.1767767
0.1767767
0.1767767
0.35355339
0.35355339
0.35355339
0.1767767
0.1767767
0.1767767
0.03052459088895
0.088388348985331
0.14625210778178
0.1767767
0.1767767
0.1767767
0.03052459088895
0.088388348985331
0.14625210778178
0
0
0
0.1767767
0.1767767
0.1767767
0.03052459088895
0.088388348985331
0.14625210778178
0
0
0
0.1767767
0.1767767
0.1767767
0
0
0
0.35355339
0.35355339
0.35355339
0.32302879987267
0.26516504643654
0.20730129159945
0.35355339
0.35355339
0.35355339
0.32302879987267
0.26516504643654
0.20730129159945
0.35355339
0.35355339
0.35355339
0.35355339
0.35355339
0.35355339
0.32302879987267
0.26516504643654
0.20730129159945
0.1767767
0.1767767
0.1767767
0.35355339
0.35355339
0.35355339
0.32302879987267
0.26516504643654
0.20730129159945
0.1767767
0.1767767
0.1767767
0.35355339
0.35355339
0.35355339
0.1767767
0.1767767
0.1767767
0.03052459088895
0.088388348985331
0.14625210778178
0
0
0
0.03052459088895
0.088388348985331
0.14625210778178
0
0
0
0
0
0
0.1767767
0.1767767
0.1767767
0.03052459088895
0.088388348985331
0.14625210778178
0
0
0
0.1767767
0.1767767
0.1767767
0
0
0
0.35355339
0.35355339
0.35355339
0.32302879987267
0.26516504643654
0.20730129159945
0.35355339
0.35355339
0.35355339
0.35355339
0.35355339
0.35355339
0.32302879987267
0.26516504643654
0.20730129159945
0.1767767
0.1767767
0.1767767
0.35355339
0.35355339
0.35355339
0.1767767
0.1767767
0.1767767
0.03052459088895
0.088388348985331
0.14625210778178
0
0
0
0
0
0
-0.1767767
-0.1767767
-0.1767767
-0.32302879987267
-0.26516504643654
-0.20730129159945
-0.35355339
-0.35355339
-0.35355339
-0.1767767
-0.1767767
-0.1767767
-0.32302879987267
-0.26516504643654
-0.20730129159945
-0.35355339
-0.35355339
-0.35355339
-0.1767767
-0.1767767
-0.1767767
-0.35355339
-0.35355339
-0.35355339
-0.03052459088895
-0.088388348985331
-0.14625210778178
-0.03052459088895
-0.088388348985331
-0.14625210778178
-0.03052459088895
-0.088388348985331
-0.14625210778178
-0.1767767
-0.1767767
-0.1767767
-0.03052459088895
-0.088388348985331
-0.14625210778178
-0.1767767
-0.1767767
-0.1767767
-0.1767767
-0.1767767
-0.1767767
-0.32302879987267
-0.26516504643654
-0.20730129159945
-0.35355339
-0.35355339
-0.35355339
-0.32302879987267
-0.26516504643654
-0.20730129159945
-0.35355339
-0.35355339
-0.35355339
-0.35355339
-0.35355339
-0.35355339
-0.1767767
-0.1767767
-0.1767767
-0.32302879987267
-0.26516504643654
-0.20730129159945
-0.35355339
-0.35355339
-0.35355339
-0.1767767
-0.1767767
-0.1767767
-0.35355339
-0.35355339
-0.35355339
-0.03052459088895
-0.088388348985331
-0.14625210778178
-0.03052459088895
-0.088388348985331
-0.14625210778178
-0.1767767
-0.1767767
-0.1767767
-0.1767767
-0.1767767
-0.1767767
-0.32302879987267
-0.26516504643654
-0.20730129159945
-0.35355339
-0.35355339
-0.35355339
-0.35355339
-0.35355339
-0.35355339
-0.66311706880405
-0.56741166543882
-0.4580844576796
-0.38544077328137
-0.36582793014346
-0.34656908652544
-0.57624576601817
-0.4878303889437
-0.39067525045319
-0.69184448604051
-0.66291260643666
-0.63398072595853
-0.66311706880405
-0.56741166543882
-0.4580844576796
-0.38544077328137
-0.36582793014346
-0.34656908652544
-0.57624576601817
-0.4878303889437
-0.39067525045319
-0.69184448604051
-0.66291260643666
-0.63398072595853
-0.70710678
-0.70710678
-0.70710678
-0.39593234
-0.39593234
-0.39593234
-0.33654957
-0.33654957
-0.33654957
-0.61871843
-0.61871843
-0.61871843
-0.070733401225766
-0.20326354284243
-0.33125307943344
0
0
0
-0.059631433689349
-0.1716735801188
-0.280802474125
-0.070733401225766
-0.20326354284243
-0.33125307943344
0
0
0
-0.059631433689349
-0.1716735801188
-0.280802474125
0
0
0
0
0
0
0
0
0
-0.049259878837725
-0.14208134333767
-0.23327443880712
-0.28984587086631
-0.30807003298154
-0.32662531504117
0
0
0
-0.049259878837725
-0.14208134333767
-0.23327443880712
-0.28984587086631
-0.30807003298154
-0.32662531504117
0
0
0
-0.28036316
-0.28036316
-0.28036316
-0.49066113653598
-0.4110459135842
-0.32654558567632
-0.5455923858435
-0.57452426043834
-0.6034561350146
-0.49066113653598
-0.4110459135842
-0.32654558567632
-0.5455923858435
-0.57452426043834
-0.6034561350146
-0.53033009
-0.53033009
-0.53033009
-0.66311706880405
-0.56741166543882
-0.4580844576796
-0.38544077328137
-0.36582793014346
-0.34656908652544
-0.57624576601817
-0.4878303889437
-0.39067525045319
-0.69184448604051
-0.66291260643666
-0.63398072595853
-0.70710678
-0.70710678
-0.70710678
-0.39593234
-0.39593234
-0.39593234
-0.33654957
-0.33654957
-0.33654957
-0.61871843
-0.61871843
-0.61871843
-0.070733401225766
-0.20326354284243
-0.33125307943344
0
0
0
-0.059631433689349
-0.1716735801188
-0.280802474125
0
0
0
0
0
0
0
0
0
-0.049259878837725
-0.14208134333767
-0.23327443880712
-0.28984587086631
-0.30807003298154
-0.32662531504117
0
0
0
-0.28036316
-0.28036316
-0.28036316
-0.49066113653598
-0.4110459135842
-0.32654558567632
-0.5455923858435
-0.57452426043834
-0.6034561350146
-0.53033009
-0.53033009
-0.53033009
0.070733401225766
0.20326354284243
0.33125307943344
0.38544077328137
0.36582793014346
0.34656908652544
0.059631433689349
0.1716735801188
0.280802474125
0.070733401225766
0.20326354284243
0.33125307943344
0.38544077328137
0.36582793014346
0.34656908652544
0.059631433689349
0.1716735801188
0.280802474125
0.39593234
0.39593234
0.39593234
0.33654957
0.33654957
0.33654957
0.66311706880405
0.56741166543882
0.4580844576796
0.69184448604051
0.66291260643666
0.63398072595853
0.57624576601817
0.4878303889437
0.39067525045319
0.66311706880405
0.56741166543882
0.4580844576796
0.69184448604051
0.66291260643666
0.63398072595853
0.57624576601817
0.4878303889437
0.39067525045319
0.70710678
0.70710678
0.70710678
0.61871843
0.61871843
0.61871843
0.5455923858435
0.57452426043834
0.6034561350146
0.49066113653598
0.4110459135842
0.32654558567632
0.28984587086631
0.30807003298154
0.32662531504117
0.5455923858435
0.57452426043834
0.6034561350146
0.49066113653598
0.4110459135842
0.32654558567632
0.28984587086631
0.30807003298154
0.32662531504117
0.53033009
0.53033009
0.53033009
0.28036316
0.28036316
0.28036316
0.049259878837725
0.14208134333767
0.23327443880712
0.049259878837725
0.14208134333767
0.23327443880712
0.070733401225766
0.20326354284243
0.33125307943344
0.38544077328137
0.36582793014346
0.34656908652544
0.059631433689349
0.1716735801188
0.280802474125
0.39593234
0.39593234
0.39593234
0.33654957
0.33654957
0.33654957
0.66311706880405
0.56741166543882
0.4580844576796
0.69184448604051
0.66291260643666
0.63398072595853
0.57624576601817
0.4878303889437
0.39067525045319
0.70710678
0.70710678
0.70710678
0.61871843
0.61871843
0.61871843
0.5455923858435
0.57452426043834
0.6034561350146
0.49066113653598
0.4110459135842
0.32654558567632
0.28984587086631
0.30807003298154
0.32662531504117
0.53033009
0.53033009
0.53033009
0.28036316
0.28036316
0.28036316
0.049259878837725
0.14208134333767
0.23327443880712
0.27096959434992
0.2534038626646
0.23614821164177
0.03957190548292
0.11435872766698
0.1884815572972
0
0
0
0.27096959434992
0.2534038626646
0.23614821164177
0.03957190548292
0.11435872766698
0.1884815572972
0
0
0
0.22716814
0.22716814
0.22716814
0
0
0
0.51506778754157
0.48613590838979
0.4572040342789
0.40628068375515
0.33687891405177
0.26548516632187
0.51506778754157
0.48613590838979
0.4572040342789
0.40628068375515
0.33687891405177
0.26548516632187
0.44194174
0.44194174
0.44194174
0.36881568363961
0.39774756395396
0.42667944453992
0.18528532993381
0.20163303342915
0.21827161693164
0.36881568363961
0.39774756395396
0.42667944453992
0.18528532993381
0.20163303342915
0.21827161693164
0
0
0
0
0
0
0.27096959434992
0.2534038626646
0.23614821164177
0.03957190548292
0.11435872766698
0.1884815572972
0
0
0
0.22716814
0.22716814
0.22716814
0
0
0
0.51506778754157
0.48613590838979
0.4572040342789
0.40628068375515
0.33687891405177
0.26548516632187
0.44194174
0.44194174
0.44194174
0.36881568363961
0.39774756395396
0.42667944453992
0.18528532993381
0.20163303342915
0.21827161693164
0
0
0
-0.27096959434992
-0.2534038626646
-0.23614821164177
-0.40628068375515
-0.33687891405177
-0.26548516632187
-0.51506778754157
-0.48613590838979
-0.4572040342789
-0.27096959434992
-0.2534038626646
-0.23614821164177
-0.40628068375515
-0.33687891405177
-0.26548516632187
-0.51506778754157
-0.48613590838979
-0.4572040342789
-0.22716814
-0.22716814
-0.22716814
-0.44194174
-0.44194174
-0.44194174
-0.03957190548292
-0.11435872766698
-0.1884815572972
-0.03957190548292
-0.11435872766698
-0.1884815572972
-0.18528532993381
-0.20163303342915
-0.21827161693164
-0.18528532993381
-0.20163303342915
-0.21827161693164
-0.36881568363961
-0.39774756395396
-0.42667944453992
-0.36881568363961
-0.39774756395396
-0.42667944453992
-0.27096959434992
-0.2534038626646
-0.23614821164177
-0.40628068375515
-0.33687891405177
-0.26548516632187
-0.51506778754157
-0.48613590838979
-0.4572040342789
-0.22716814
-0.22716814
-0.22716814
-0.44194174
-0.44194174
-0.44194174
-0.03957190548292
-0.11435872766698
-0.1884815572972
-0.18528532993381
-0.20163303342915
-0.21827161693164
-0.36881568363961
-0.39774756395396
-0.42667944453992
0.74904216253456
0.82372779314738
0.8887456869553
0.89343837350098
0.84693515019807
0.8005029466361
0.65092770226259
0.7070250699335
0.75480453471498
0.74904216253456
0.82372779314738
0.8887456869553
0.89343837350098
0.84693515019807
0.8005029466361
0.65092770226259
0.7070250699335
0.75480453471498
0.91799973
0.91799973
0.91799973
0.77603632
0.77603632
0.77603632
0.99747044614413
0.97895137154012
0.94324144436601
0.971277314397
0.91706101697493
0.86313795178864
0.83300829234665
0.81981709647275
0.79423823496149
0.99747044614413
0.97895137154012
0.94324144436601
0.971277314397
0.91706101697493
0.86313795178864
0.83300829234665
0.81981709647275
0.79423823496149
1
1
1
0.83480637
0.83480637
0.83480637
0.70009843031389
0.75319526615007
0.80655151635762
0.67105196544415
0.66268815873215
0.64637730721402
0.65905780554035
0.70529207370818
0.751588122894
0.70009843031389
0.75319526615007
0.80655151635762
0.67105196544415
0.66268815873215
0.64637730721402
0.65905780554035
0.70529207370818
0.751588122894
0.67218959
0.67218959
0.67218959
0.63469202
0.63469202
0.63469202
0.55227278045748
0.58972570658035
0.6209739040272
0.55227278045748
0.58972570658035
0.6209739040272
0.74904216253456
0.82372779314738
0.8887456869553
0.89343837350098
0.84693515019807
0.8005029466361
0.65092770226259
0.7070250699335
0.75480453471498
0.91799973
0.91799973
0.91799973
0.77603632
0.77603632
0.77603632
0.99747044614413
0.97895137154012
0.94324144436601
0.971277314397
0.91706101697493
0.86313795178864
0.83300829234665
0.81981709647275
0.79423823496149
1
1
1
0.83480637
0.83480637
0.83480637
0.70009843031389
0.75319526615007
0.80655151635762
0.67105196544415
0.66268815873215
0.64637730721402
0.65905780554035
0.70529207370818
0.751588122894
0.67218959
0.67218959
0.67218959
0.63469202
0.63469202
0.63469202
0.55227278045748
0.58972570658035
0.6209739040272
0.99747044614413
0.97895137154012
0.94324144436601
0.89343837350098
0.84693515019807
0.8005029466361
0.83300829234665
0.81981709647275
0.79423823496149
0.99747044614413
0.97895137154012
0.94324144436601
0.89343837350098
0.84693515019807
0.8005029466361
0.83300829234665
0.81981709647275
0.79423823496149
0.91799973
0.91799973
0.91799973
0.77603632
0.77603632
0.77603632
0.74904216253456
0.82372779314738
0.8887456869553
0.69184448604051
0.66291260643666
0.63398072595853
0.65092770226259
0.7070250699335
0.75480453471498
0.74904216253456
0.82372779314738
0.8887456869553
0.69184448604051
0.66291260643666
0.63398072595853
0.65092770226259
0.7070250699335
0.75480453471498
0.70710678
0.70710678
0.70710678
0.61871843
0.61871843
0.61871843
0.5455923858435
0.57452426043834
0.6034561350146
0.55227278045748
0.58972570658035
0.6209739040272
0.65905780554035
0.70529207370818
0.751588122894
0.5455923858435
0.57452426043834
0.6034561350146
0.55227278045748
0.58972570658035
0.6209739040272
0.65905780554035
0.70529207370818
0.751588122894
0.53033009
0.53033009
0.53033009
0.63469202
0.63469202
0.63469202
0.67105196544415
0.66268815873215
0.64637730721402
0.67105196544415
0.66268815873215
0.64637730721402
0.99747044614413
0.97895137154012
0.94324144436601
0.89343837350098
0.84693515019807
0.8005029466361
0.83300829234665
0.81981709647275
0.79423823496149
0.91799973
0.91799973
0.91799973
0.77603632
0.77603632
0.77603632
0.74904216253456
0.82372779314738
0.8887456869553
0.69184448604051
0.66291260643666
0.63398072595853
0.65092770226259
0.7070250699335
0.75480453471498
0.70710678
0.70710678
0.70710678
0.61871843
0.61871843
0.61871843
0.5455923858435
0.57452426043834
0.6034561350146
0.55227278045748
0.58972570658035
0.6209739040272
0.65905780554035
0.70529207370818
0.751588122894
0.53033009
0.53033009
0.53033009
0.63469202
0.63469202
0.63469202
0.67105196544415
0.66268815873215
0.64637730721402
0.61034228451554
0.56422656849565
0.51816473492591
0.51131512676005
0.50733278585647
0.49952126448663
0.64434871701325
0.59175395262987
0.53938940215302
0.61034228451554
0.56422656849565
0.51816473492591
0.51131512676005
0.50733278585647
0.49952126448663
0.64434871701325
0.59175395262987
0.53938940215302
0.49388688
0.49388688
0.49388688
0.51185561
0.51185561
0.51185561
0.51506778754157
0.48613590838979
0.4572040342789
0.45313222329539
0.47188558992478
0.48722999974365
0.51506778754157
0.48613590838979
0.4572040342789
0.45313222329539
0.47188558992478
0.48722999974365
0.44194174
0.44194174
0.44194174
0.36881568363961
0.39774756395396
0.42667944453992
0.37775408010527
0.4236649082231
0.46962305759613
0.36881568363961
0.39774756395396
0.42667944453992
0.37775408010527
0.4236649082231
0.46962305759613
0.38075240129413
0.43246453033888
0.48438229239674
0.38075240129413
0.43246453033888
0.48438229239674
0.61034228451554
0.56422656849565
0.51816473492591
0.51131512676005
0.50733278585647
0.49952126448663
0.64434871701325
0.59175395262987
0.53938940215302
0.49388688
0.49388688
0.49388688
0.51185561
0.51185561
0.51185561
0.51506778754157
0.48613590838979
0.4572040342789
0.45313222329539
0.47188558992478
0.48722999974365
0.44194174
0.44194174
0.44194174
0.36881568363961
0.39774756395396
0.42667944453992
0.37775408010527
0.4236649082231
0.46962305759613
0.38075240129413
0.43246453033888
0.48438229239674
0.61034228451554
0.56422656849565
0.51816473492591
0.45313222329539
0.47188558992478
0.48722999974365
0.61034228451554
0.56422656849565
0.51816473492591
0.45313222329539
0.47188558992478
0.48722999974365
0.49388688
0.49388688
0.49388688
0.51131512676005
0.50733278585647
0.49952126448663
0.51131512676005
0.50733278585647
0.49952126448663
0.37775408010527
0.4236649082231
0.46962305759613
0.37775408010527
0.4236649082231
0.46962305759613
0.61034228451554
0.56422656849565
0.51816473492591
0.45313222329539
0.47188558992478
0.48722999974365
0.49388688
0.49388688
0.49388688
0.51131512676005
0.50733278585647
0.49952126448663
0.37775408010527
0.4236649082231
0.46962305759613
-0.69184448604051
-0.66291260643666
-0.63398072595853
-0.57624576601817
-0.4878303889437
-0.39067525045319
-0.38544077328137
-0.36582793014346
-0.34656908652544
-0.66311706880405
-0.56741166543882
-0.4580844576796
-0.69184448604051
-0.66291260643666
-0.63398072595853
-0.57624576601817
-0.4878303889437
-0.39067525045319
-0.38544077328137
-0.36582793014346
-0.34656908652544
-0.66311706880405
-0.56741166543882
-0.4580844576796
-0.70710678
-0.70710678
-0.70710678
-0.61871843
-0.61871843
-0.61871843
-0.33654957
-0.33654957
-0.33654957
-0.39593234
-0.39593234
-0.39593234
-0.5455923858435
-0.57452426043834
-0.6034561350146
-0.49066113653598
-0.4110459135842
-0.32654558567632
-0.28984587086631
-0.30807003298154
-0.32662531504117
-0.5455923858435
-0.57452426043834
-0.6034561350146
-0.49066113653598
-0.4110459135842
-0.32654558567632
-0.28984587086631
-0.30807003298154
-0.32662531504117
-0.53033009
-0.53033009
-0.53033009
-0.28036316
-0.28036316
-0.28036316
-0.049259878837725
-0.14208134333767
-0.23327443880712
-2.2415607059867e-17
-1.460083087542e-17
-3.5006650477567e-18
-0.059631433689349
-0.1716735801188
-0.280802474125
-0.049259878837725
-0.14208134333767
-0.23327443880712
-2.2415607059867e-17
-1.460083087542e-17
-3.5006650477567e-18
-0.059631433689349
-0.1716735801188
-0.280802474125
-2.4532695e-17
-2.4532695e-17
-2.4532695e-17
2.635181e-18
2.635181e-18
2.635181e-18
9.474318414119e-18
1.431967606292e-17
8.1754295506472e-18
-0.070733401225766
-0.20326354284243
-0.33125307943344
9.474318414119e-18
1.431967606292e-17
8.1754295506472e-18
-0.070733401225766
-0.20326354284243
-0.33125307943344
0
0
0
-0.69184448604051
-0.66291260643666
-0.63398072595853
-0.57624576601817
-0.4878303889437
-0.39067525045319
-0.38544077328137
-0.36582793014346
-0.34656908652544
-0.66311706880405
-0.56741166543882
-0.4580844576796
-0.70710678
-0.70710678
-0.70710678
-0.61871843
-0.61871843
-0.61871843
-0.33654957
-0.33654957
-0.33654957
-0.39593234
-0.39593234
-0.39593234
-0.5455923858435
-0.57452426043834
-0.6034561350146
-0.49066113653598
-0.4110459135842
-0.32654558567632
-0.28984587086631
-0.30807003298154
-0.32662531504117
-0.53033009
-0.53033009
-0.53033009
-0.28036316
-0.28036316
-0.28036316
-0.049259878837725
-0.14208134333767
-0.23327443880712
-2.2415607059867e-17
-1.460083087542e-17
-3.5006650477567e-18
-0.059631433689349
-0.1716735801188
-0.280802474125
-2.4532695e-17
-2.4532695e-17
-2.4532695e-17
2.635181e-18
2.635181e-18
2.635181e-18
9.474318414119e-18
1.431967606292e-17
8.1754295506472e-18
-0.070733401225766
-0.20326354284243
-0.33125307943344
0
0
0
-0.51506778754157
-0.48613590838979
-0.4572040342789
-0.40628068375515
-0.33687891405177
-0.26548516632187
-0.27096959434992
-0.2534038626646
-0.23614821164177
-0.51506778754157
-0.48613590838979
-0.4572040342789
-0.40628068375515
-0.33687891405177
-0.26548516632187
-0.27096959434992
-0.2534038626646
-0.23614821164177
-0.44194174
-0.44194174
-0.44194174
-0.22716814
-0.22716814
-0.22716814
-0.36881568363961
-0.39774756395396
-0.42667944453992
-0.18528532993381
-0.20163303342915
-0.21827161693164
-0.36881568363961
-0.39774756395396
-0.42667944453992
-0.18528532993381
-0.20163303342915
-0.21827161693164
4.7720011584367e-18
4.0984119239874e-18
-3.8100315337011e-18
-0.03957190548292
-0.11435872766698
-0.1884815572972
4.7720011584367e-18
4.0984119239874e-18
-3.8100315337011e-18
-0.03957190548292
-0.11435872766698
-0.1884815572972
-9.0462641e-18
-9.0462641e-18
-9.0462641e-18
-2.5084989670161e-17
-2.19017343318e-17
-1.4181505711717e-17
-2.5084989670161e-17
-2.19017343318e-17
-1.4181505711717e-17
-0.51506778754157
-0.48613590838979
-0.4572040342789
-0.40628068375515
-0.33687891405177
-0.26548516632187
-0.27096959434992
-0.2534038626646
-0.23614821164177
-0.44194174
-0.44194174
-0.44194174
-0.22716814
-0.22716814
-0.22716814
-0.36881568363961
-0.39774756395396
-0.42667944453992
-0.18528532993381
-0.20163303342915
-0.21827161693164
4.7720011584367e-18
4.0984119239874e-18
-3.8100315337011e-18
-0.03957190548292
-0.11435872766698
-0.1884815572972
-9.0462641e-18
-9.0462641e-18
-9.0462641e-18
-2.5084989670161e-17
-2.19017343318e-17
-1.4181505711717e-17
0.03957190548292
0.11435872766698
0.1884815572972
0.27096959434992
0.2534038626646
0.23614821164177
0.049259878837725
0.14208134333767
0.23327443880712
0.03957190548292
0.11435872766698
0.1884815572972
0.27096959434992
0.2534038626646
0.23614821164177
0.049259878837725
0.14208134333767
0.23327443880712
0.22716814
0.22716814
0.22716814
0.28036316
0.28036316
0.28036316
0.18528532993381
0.20163303342915
0.21827161693164
0.18528532993381
0.20163303342915
0.21827161693164
0.40628068375515
0.33687891405177
0.26548516632187
0.40628068375515
0.33687891405177
0.26548516632187
0.49066113653598
0.4110459135842
0.32654558567632
0.49066113653598
0.4110459135842
0.32654558567632
0.03957190548292
0.11435872766698
0.1884815572972
0.27096959434992
0.2534038626646
0.23614821164177
0.049259878837725
0.14208134333767
0.23327443880712
0.22716814
0.22716814
0.22716814
0.28036316
0.28036316
0.28036316
0.18528532993381
0.20163303342915
0.21827161693164
0.40628068375515
0.33687891405177
0.26548516632187
0.49066113653598
0.4110459135842
0.32654558567632
0.059631433689349
0.1716735801188
0.280802474125
0.38544077328137
0.36582793014346
0.34656908652544
0.070733401225766
0.20326354284243
0.33125307943344
0.059631433689349
0.1716735801188
0.280802474125
0.38544077328137
0.36582793014346
0.34656908652544
0.070733401225766
0.20326354284243
0.33125307943344
0.33654957
0.33654957
0.33654957
0.39593234
0.39593234
0.39593234
0.28984587086631
0.30807003298154
0.32662531504117
0.28984587086631
0.30807003298154
0.32662531504117
0.57624576601817
0.4878303889437
0.39067525045319
0.57624576601817
0.4878303889437
0.39067525045319
0.66311706880405
0.56741166543882
0.4580844576796
0.66311706880405
0.56741166543882
0.4580844576796
0.059631433689349
0.1716735801188
0.280802474125
0.38544077328137
0.36582793014346
0.34656908652544
0.070733401225766
0.20326354284243
0.33125307943344
0.33654957
0.33654957
0.33654957
0.39593234
0.39593234
0.39593234
0.28984587086631
0.30807003298154
0.32662531504117
0.57624576601817
0.4878303889437
0.39067525045319
0.66311706880405
0.56741166543882
0.4580844576796
-0.65092770226259
-0.7070250699335
-0.75480453471498
-0.89343837350098
-0.84693515019807
-0.8005029466361
-0.74904216253456
-0.82372779314738
-0.8887456869553
-0.65092770226259
-0.7070250699335
-0.75480453471498
-0.89343837350098
-0.84693515019807
-0.8005029466361
-0.74904216253456
-0.82372779314738
-0.8887456869553
-0.77603632
-0.77603632
-0.77603632
-0.91799973
-0.91799973
-0.91799973
-0.55227278045748
-0.58972570658035
-0.6209739040272
-0.65905780554035
-0.70529207370818
-0.751588122894
-0.55227278045748
-0.58972570658035
-0.6209739040272
-0.65905780554035
-0.70529207370818
-0.751588122894
-0.63469202
-0.63469202
-0.63469202
-0.67105196544415
-0.66268815873215
-0.64637730721402
-0.70009843031389
-0.75319526615007
-0.80655151635762
-0.83300829234665
-0.81981709647275
-0.79423823496149
-0.67105196544415
-0.66268815873215
-0.64637730721402
-0.70009843031389
-0.75319526615007
-0.80655151635762
-0.83300829234665
-0.81981709647275
-0.79423823496149
-0.67218959
-0.67218959
-0.67218959
-0.83480637
-0.83480637
-0.83480637
-0.971277314397
-0.91706101697493
-0.86313795178864
-0.99747044614413
-0.97895137154012
-0.94324144436601
-0.971277314397
-0.91706101697493
-0.86313795178864
-0.99747044614413
-0.97895137154012
-0.94324144436601
-1
-1
-1
-0.65092770226259
-0.7070250699335
-0.75480453471498
-0.89343837350098
-0.84693515019807
-0.8005029466361
-0.74904216253456
-0.82372779314738
-0.8887456869553
-0.77603632
-0.77603632
-0.77603632
-0.91799973
-0.91799973
-0.91799973
-0.55227278045748
-0.58972570658035
-0.6209739040272
-0.65905780554035
-0.70529207370818
-0.751588122894
-0.63469202
-0.63469202
-0.63469202
-0.67105196544415
-0.66268815873215
-0.64637730721402
-0.70009843031389
-0.75319526615007
-0.80655151635762
-0.83300829234665
-0.81981709647275
-0.79423823496149
-0.67218959
-0.67218959
-0.67218959
-0.83480637
-0.83480637
-0.83480637
-0.971277314397
-0.91706101697493
-0.86313795178864
-0.99747044614413
-0.97895137154012
-0.94324144436601
-1
-1
-1
-0.45313222329539
-0.47188558992478
-0.48722999974365
-0.61034228451554
-0.56422656849565
-0.51816473492591
-0.45313222329539
-0.47188558992478
-0.48722999974365
-0.61034228451554
-0.56422656849565
-0.51816473492591
-0.49388688
-0.49388688
-0.49388688
-0.37775408010527
-0.4236649082231
-0.46962305759613
-0.37775408010527
-0.4236649082231
-0.46962305759613
-0.38075240129413
-0.43246453033888
-0.48438229239674
-0.51131512676005
-0.50733278585647
-0.49952126448663
-0.38075240129413
-0.43246453033888
-0.48438229239674
-0.51131512676005
-0.50733278585647
-0.49952126448663
-0.51185561
-0.51185561
-0.51185561
-0.64434871701325
-0.59175395262987
-0.53938940215302
-0.64434871701325
-0.59175395262987
-0.53938940215302
-0.45313222329539
-0.47188558992478
-0.48722999974365
-0.61034228451554
-0.56422656849565
-0.51816473492591
-0.49388688
-0.49388688
-0.49388688
-0.37775408010527
-0.4236649082231
-0.46962305759613
-0.38075240129413
-0.43246453033888
-0.48438229239674
-0.51131512676005
-0.50733278585647
-0.49952126448663
-0.51185561
-0.51185561
-0.51185561
-0.64434871701325
-0.59175395262987
-0.53938940215302
-0.51131512676005
-0.50733278585647
-0.49952126448663
-0.61034228451554
-0.56422656849565
-0.51816473492591
-0.67105196544415
-0.66268815873215
-0.64637730721402
-0.51131512676005
-0.50733278585647
-0.49952126448663
-0.61034228451554
-0.56422656849565
-0.51816473492591
-0.67105196544415
-0.66268815873215
-0.64637730721402
-0.49388688
-0.49388688
-0.49388688
-0.63469202
-0.63469202
-0.63469202
-0.37775408010527
-0.4236649082231
-0.46962305759613
-0.37775408010527
-0.4236649082231
-0.46962305759613
-0.45313222329539
-0.47188558992478
