MFEM mesh v1.0

#
# MFEM Geometry Types (see mesh/geom.hpp):
#
# POINT       = 0
# SEGMENT     = 1
# TRIANGLE    = 2
# SQUARE      = 3
# TETRAHEDRON = 4
# CUBE        = 5
# PRISM       = 6
# PYRAMID     = 7
#

dimension
3

elements
960
1 5 16 175 633 178 183 634 1037 637
1 5 175 32 176 633 634 184 635 1037
1 5 633 176 104 177 1037 635 185 636
1 5 178 633 177 35 637 1037 636 186
1 5 183 634 1037 637 40 179 638 182
1 5 634 184 635 1037 179 105 180 638
1 5 1037 635 185 636 638 180 160 181
1 5 637 1037 636 186 182 638 181 108
1 5 32 187 639 176 184 640 1038 635
1 5 187 20 188 639 640 193 641 1038
1 5 639 188 33 189 1038 641 194 642
1 5 176 639 189 104 635 1038 642 185
1 5 184 640 1038 635 105 190 643 180
1 5 640 193 641 1038 190 41 191 643
1 5 1038 641 194 642 643 191 106 192
1 5 635 1038 642 185 180 643 192 160
1 5 104 189 644 197 185 642 1039 647
1 5 189 33 195 644 642 194 645 1039
1 5 644 195 24 196 1039 645 201 646
1 5 197 644 196 34 647 1039 646 202
1 5 185 642 1039 647 160 192 648 200
1 5 642 194 645 1039 192 106 198 648
1 5 1039 645 201 646 648 198 42 199
1 5 647 1039 646 202 200 648 199 107
1 5 35 177 649 204 186 636 1040 651
1 5 177 104 197 649 636 185 647 1040
1 5 649 197 34 203 1040 647 202 650
1 5 204 649 203 28 651 1040 650 207
1 5 186 636 1040 651 108 181 652 206
1 5 636 185 647 1040 181 160 200 652
1 5 1040 647 202 650 652 200 107 205
1 5 651 1040 650 207 206 652 205 43
1 5 40 179 638 182 212 653 1041 656
1 5 179 105 180 638 653 213 654 1041
1 5 638 180 160 181 1041 654 214 655
1 5 182 638 181 108 656 1041 655 215
1 5 212 653 1041 656 17 208 657 211
1 5 653 213 654 1041 208 36 209 657
1 5 1041 654 214 655 657 209 109 210
1 5 656 1041 655 215 211 657 210 39
1 5 105 190 643 180 213 658 1042 654
1 5 190 41 191 643 658 219 659 1042
1 5 643 191 106 192 1042 659 220 660
1 5 180 643 192 160 654 1042 660 214
1 5 213 658 1042 654 36 216 661 209
1 5 658 219 659 1042 216 21 217 661
1 5 1042 659 220 660 661 217 37 218
1 5 654 1042 660 214 209 661 218 109
1 5 160 192 648 200 214 660 1043 664
1 5 192 106 198 648 660 220 662 1043
1 5 648 198 42 199 1043 662 224 663
1 5 200 648 199 107 664 1043 663 225
1 5 214 660 1043 664 109 218 665 223
1 5 660 220 662 1043 218 37 221 665
1 5 1043 662 224 663 665 221 25 222
1 5 664 1043 663 225 223 665 222 38
1 5 108 181 652 206 215 655 1044 667
1 5 181 160 200 652 655 214 664 1044
1 5 652 200 107 205 1044 664 225 666
1 5 206 652 205 43 667 1044 666 228
1 5 215 655 1044 667 39 210 668 227
1 5 655 214 664 1044 210 109 223 668
1 5 1044 664 225 666 668 223 38 226
1 5 667 1044 666 228 227 668 226 29
1 5 17 208 657 211 233 669 1045 672
1 5 208 36 209 657 669 234 670 1045
1 5 657 209 109 210 1045 670 235 671
1 5 211 657 210 39 672 1045 671 236
1 5 233 669 1045 672 48 229 673 232
1 5 669 234 670 1045 229 110 230 673
1 5 1045 670 235 671 673 230 161 231
1 5 672 1045 671 236 232 673 231 113
1 5 36 216 661 209 234 674 1046 670
1 5 216 21 217 661 674 240 675 1046
1 5 661 217 37 218 1046 675 241 676
1 5 209 661 218 109 670 1046 676 235
1 5 234 674 1046 670 110 237 677 230
1 5 674 240 675 1046 237 49 238 677
1 5 1046 675 241 676 677 238 111 239
1 5 670 1046 676 235 230 677 239 161
1 5 109 218 665 223 235 676 1047 680
1 5 218 37 221 665 676 241 678 1047
1 5 665 221 25 222 1047 678 245 679
1 5 223 665 222 38 680 1047 679 246
1 5 235 676 1047 680 161 239 681 244
1 5 676 241 678 1047 239 111 242 681
1 5 1047 678 245 679 681 242 50 243
1 5 680 1047 679 246 244 681 243 112
1 5 39 210 668 227 236 671 1048 683
1 5 210 109 223 668 671 235 680 1048
1 5 668 223 38 226 1048 680 246 682
1 5 227 668 226 29 683 1048 682 249
1 5 236 671 1048 683 113 231 684 248
1 5 671 235 680 1048 231 161 244 684
1 5 1048 680 246 682 684 244 112 247
1 5 683 1048 682 249 248 684 247 51
1 5 48 229 673 232 254 685 1049 688
1 5 229 110 230 673 685 255 686 1049
1 5 673 230 161 231 1049 686 256 687
1 5 232 673 231 113 688 1049 687 257
1 5 254 685 1049 688 18 250 689 253
1 5 685 255 686 1049 250 44 251 689
1 5 1049 686 256 687 689 251 114 252
1 5 688 1049 687 257 253 689 252 47
1 5 110 237 677 230 255 690 1050 686
1 5 237 49 238 677 690 261 691 1050
1 5 677 238 111 239 1050 691 262 692
1 5 230 677 239 161 686 1050 692 256
1 5 255 690 1050 686 44 258 693 251
1 5 690 261 691 1050 258 22 259 693
1 5 1050 691 262 692 693 259 45 260
1 5 686 1050 692 256 251 693 260 114
1 5 161 239 681 244 256 692 1051 696
1 5 239 111 242 681 692 262 694 1051
1 5 681 242 50 243 1051 694 266 695
1 5 244 681 243 112 696 1051 695 267
1 5 256 692 1051 696 114 260 697 265
1 5 692 262 694 1051 260 45 263 697
1 5 1051 694 266 695 697 263 26 264
1 5 696 1051 695 267 265 697 264 46
1 5 113 231 684 248 257 687 1052 699
1 5 231 161 244 684 687 256 696 1052
1 5 684 244 112 247 1052 696 267 698
1 5 248 684 247 51 699 1052 698 270
1 5 257 687 1052 699 47 252 700 269
1 5 687 256 696 1052 252 114 265 700
1 5 1052 696 267 698 700 265 46 268
1 5 699 1052 698 270 269 700 268 30
1 5 18 250 689 253 275 701 1053 704
1 5 250 44 251 689 701 276 702 1053
1 5 689 251 114 252 1053 702 277 703
1 5 253 689 252 47 704 1053 703 278
1 5 275 701 1053 704 56 271 705 274
1 5 701 276 702 1053 271 115 272 705
1 5 1053 702 277 703 705 272 162 273
1 5 704 1053 703 278 274 705 273 118
1 5 44 258 693 251 276 706 1054 702
1 5 258 22 259 693 706 282 707 1054
1 5 693 259 45 260 1054 707 283 708
1 5 251 693 260 114 702 1054 708 277
1 5 276 706 1054 702 115 279 709 272
1 5 706 282 707 1054 279 57 280 709
1 5 1054 707 283 708 709 280 116 281
1 5 702 1054 708 277 272 709 281 162
1 5 114 260 697 265 277 708 1055 712
1 5 260 45 263 697 708 283 710 1055
1 5 697 263 26 264 1055 710 287 711
1 5 265 697 264 46 712 1055 711 288
1 5 277 708 1055 712 162 281 713 286
1 5 708 283 710 1055 281 116 284 713
1 5 1055 710 287 711 713 284 58 285
1 5 712 1055 711 288 286 713 285 117
1 5 47 252 700 269 278 703 1056 715
1 5 252 114 265 700 703 277 712 1056
1 5 700 265 46 268 1056 712 288 714
1 5 269 700 268 30 715 1056 714 291
1 5 278 703 1056 715 118 273 716 290
1 5 703 277 712 1056 273 162 286 716
1 5 1056 712 288 714 716 286 117 289
1 5 715 1056 714 291 290 716 289 59
1 5 56 271 705 274 296 717 1057 720
1 5 271 115 272 705 717 297 718 1057
1 5 705 272 162 273 1057 718 298 719
1 5 274 705 273 118 720 1057 719 299
1 5 296 717 1057 720 19 292 721 295
1 5 717 297 718 1057 292 52 293 721
1 5 1057 718 298 719 721 293 119 294
1 5 720 1057 719 299 295 721 294 55
1 5 115 279 709 272 297 722 1058 718
1 5 279 57 280 709 722 303 723 1058
1 5 709 280 116 281 1058 723 304 724
1 5 272 709 281 162 718 1058 724 298
1 5 297 722 1058 718 52 300 725 293
1 5 722 303 723 1058 300 23 301 725
1 5 1058 723 304 724 725 301 53 302
1 5 718 1058 724 298 293 725 302 119
1 5 162 281 713 286 298 724 1059 728
1 5 281 116 284 713 724 304 726 1059
1 5 713 284 58 285 1059 726 308 727
1 5 286 713 285 117 728 1059 727 309
1 5 298 724 1059 728 119 302 729 307
1 5 724 304 726 1059 302 53 305 729
1 5 1059 726 308 727 729 305 27 306
1 5 728 1059 727 309 307 729 306 54
1 5 118 273 716 290 299 719 1060 731
1 5 273 162 286 716 719 298 728 1060
1 5 716 286 117 289 1060 728 309 730
1 5 290 716 289 59 731 1060 730 312
1 5 299 719 1060 731 55 294 732 311
1 5 719 298 728 1060 294 119 307 732
1 5 1060 728 309 730 732 307 54 310
1 5 731 1060 730 312 311 732 310 31
1 5 0 313 733 316 321 734 1061 737
1 5 313 60 314 733 734 322 735 1061
1 5 733 314 120 315 1061 735 323 736
1 5 316 733 315 62 737 1061 736 324
1 5 321 734 1061 737 66 317 738 320
1 5 734 322 735 1061 317 121 318 738
1 5 1061 735 323 736 738 318 163 319
1 5 737 1061 736 324 320 738 319 123
1 5 60 325 739 314 322 740 1062 735
1 5 325 4 326 739 740 331 741 1062
1 5 739 326 61 327 1062 741 332 742
1 5 314 739 327 120 735 1062 742 323
1 5 322 740 1062 735 121 328 743 318
1 5 740 331 741 1062 328 67 329 743
1 5 1062 741 332 742 743 329 122 330
1 5 735 1062 742 323 318 743 330 163
1 5 120 327 744 334 323 742 1063 746
1 5 327 61 333 744 742 332 745 1063
1 5 744 333 20 187 1063 745 193 640
1 5 334 744 187 32 746 1063 640 184
1 5 323 742 1063 746 163 330 747 336
1 5 742 332 745 1063 330 122 335 747
1 5 1063 745 193 640 747 335 41 190
1 5 746 1063 640 184 336 747 190 105
1 5 62 315 748 337 324 736 1064 749
1 5 315 120 334 748 736 323 746 1064
1 5 748 334 32 175 1064 746 184 634
1 5 337 748 175 16 749 1064 634 183
1 5 324 736 1064 749 123 319 750 338
1 5 736 323 746 1064 319 163 336 750
1 5 1064 746 184 634 750 336 105 179
1 5 749 1064 634 183 338 750 179 40
1 5 66 317 738 320 343 751 1065 754
1 5 317 121 318 738 751 344 752 1065
1 5 738 318 163 319 1065 752 345 753
1 5 320 738 319 123 754 1065 753 346
1 5 343 751 1065 754 1 339 755 342
1 5 751 344 752 1065 339 63 340 755
1 5 1065 752 345 753 755 340 124 341
1 5 754 1065 753 346 342 755 341 65
1 5 121 328 743 318 344 756 1066 752
1 5 328 67 329 743 756 350 757 1066
1 5 743 329 122 330 1066 757 351 758
1 5 318 743 330 163 752 1066 758 345
1 5 344 756 1066 752 63 347 759 340
1 5 756 350 757 1066 347 5 348 759
1 5 1066 757 351 758 759 348 64 349
1 5 752 1066 758 345 340 759 349 124
1 5 163 330 747 336 345 758 1067 761
1 5 330 122 335 747 758 351 760 1067
1 5 747 335 41 190 1067 760 219 658
1 5 336 747 190 105 761 1067 658 213
1 5 345 758 1067 761 124 349 762 353
1 5 758 351 760 1067 349 64 352 762
1 5 1067 760 219 658 762 352 21 216
1 5 761 1067 658 213 353 762 216 36
1 5 123 319 750 338 346 753 1068 763
1 5 319 163 336 750 753 345 761 1068
1 5 750 336 105 179 1068 761 213 653
1 5 338 750 179 40 763 1068 653 212
1 5 346 753 1068 763 65 341 764 354
1 5 753 345 761 1068 341 124 353 764
1 5 1068 761 213 653 764 353 36 208
1 5 763 1068 653 212 354 764 208 17
1 5 1 339 755 342 359 765 1069 768
1 5 339 63 340 755 765 360 766 1069
1 5 755 340 124 341 1069 766 361 767
1 5 342 755 341 65 768 1069 767 362
1 5 359 765 1069 768 71 355 769 358
1 5 765 360 766 1069 355 125 356 769
1 5 1069 766 361 767 769 356 164 357
1 5 768 1069 767 362 358 769 357 127
1 5 63 347 759 340 360 770 1070 766
1 5 347 5 348 759 770 366 771 1070
1 5 759 348 64 349 1070 771 367 772
1 5 340 759 349 124 766 1070 772 361
1 5 360 770 1070 766 125 363 773 356
1 5 770 366 771 1070 363 72 364 773
1 5 1070 771 367 772 773 364 126 365
1 5 766 1070 772 361 356 773 365 164
1 5 124 349 762 353 361 772 1071 775
1 5 349 64 352 762 772 367 774 1071
1 5 762 352 21 216 1071 774 240 674
1 5 353 762 216 36 775 1071 674 234
1 5 361 772 1071 775 164 365 776 369
1 5 772 367 774 1071 365 126 368 776
1 5 1071 774 240 674 776 368 49 237
1 5 775 1071 674 234 369 776 237 110
1 5 65 341 764 354 362 767 1072 777
1 5 341 124 353 764 767 361 775 1072
1 5 764 353 36 208 1072 775 234 669
1 5 354 764 208 17 777 1072 669 233
1 5 362 767 1072 777 127 357 778 370
1 5 767 361 775 1072 357 164 369 778
1 5 1072 775 234 669 778 369 110 229
1 5 777 1072 669 233 370 778 229 48
1 5 71 355 769 358 375 779 1073 782
1 5 355 125 356 769 779 376 780 1073
1 5 769 356 164 357 1073 780 377 781
1 5 358 769 357 127 782 1073 781 378
1 5 375 779 1073 782 2 371 783 374
1 5 779 376 780 1073 371 68 372 783
1 5 1073 780 377 781 783 372 128 373
1 5 782 1073 781 378 374 783 373 70
1 5 125 363 773 356 376 784 1074 780
1 5 363 72 364 773 784 382 785 1074
1 5 773 364 126 365 1074 785 383 786
1 5 356 773 365 164 780 1074 786 377
1 5 376 784 1074 780 68 379 787 372
1 5 784 382 785 1074 379 6 380 787
1 5 1074 785 383 786 787 380 69 381
1 5 780 1074 786 377 372 787 381 128
1 5 164 365 776 369 377 786 1075 789
1 5 365 126 368 776 786 383 788 1075
1 5 776 368 49 237 1075 788 261 690
1 5 369 776 237 110 789 1075 690 255
1 5 377 786 1075 789 128 381 790 385
1 5 786 383 788 1075 381 69 384 790
1 5 1075 788 261 690 790 384 22 258
1 5 789 1075 690 255 385 790 258 44
1 5 127 357 778 370 378 781 1076 791
1 5 357 164 369 778 781 377 789 1076
1 5 778 369 110 229 1076 789 255 685
1 5 370 778 229 48 791 1076 685 254
1 5 378 781 1076 791 70 373 792 386
1 5 781 377 789 1076 373 128 385 792
1 5 1076 789 255 685 792 385 44 250
1 5 791 1076 685 254 386 792 250 18
1 5 2 371 783 374 391 793 1077 796
1 5 371 68 372 783 793 392 794 1077
1 5 783 372 128 373 1077 794 393 795
1 5 374 783 373 70 796 1077 795 394
1 5 391 793 1077 796 76 387 797 390
1 5 793 392 794 1077 387 129 388 797
1 5 1077 794 393 795 797 388 165 389
1 5 796 1077 795 394 390 797 389 131
1 5 68 379 787 372 392 798 1078 794
1 5 379 6 380 787 798 398 799 1078
1 5 787 380 69 381 1078 799 399 800
1 5 372 787 381 128 794 1078 800 393
1 5 392 798 1078 794 129 395 801 388
1 5 798 398 799 1078 395 77 396 801
1 5 1078 799 399 800 801 396 130 397
1 5 794 1078 800 393 388 801 397 165
1 5 128 381 790 385 393 800 1079 803
1 5 381 69 384 790 800 399 802 1079
1 5 790 384 22 258 1079 802 282 706
1 5 385 790 258 44 803 1079 706 276
1 5 393 800 1079 803 165 397 804 401
1 5 800 399 802 1079 397 130 400 804
1 5 1079 802 282 706 804 400 57 279
1 5 803 1079 706 276 401 804 279 115
1 5 70 373 792 386 394 795 1080 805
1 5 373 128 385 792 795 393 803 1080
1 5 792 385 44 250 1080 803 276 701
1 5 386 792 250 18 805 1080 701 275
1 5 394 795 1080 805 131 389 806 402
1 5 795 393 803 1080 389 165 401 806
1 5 1080 803 276 701 806 401 115 271
1 5 805 1080 701 275 402 806 271 56
1 5 76 387 797 390 407 807 1081 810
1 5 387 129 388 797 807 408 808 1081
1 5 797 388 165 389 1081 808 409 809
1 5 390 797 389 131 810 1081 809 410
1 5 407 807 1081 810 3 403 811 406
1 5 807 408 808 1081 403 73 404 811
1 5 1081 808 409 809 811 404 132 405
1 5 810 1081 809 410 406 811 405 75
1 5 129 395 801 388 408 812 1082 808
1 5 395 77 396 801 812 414 813 1082
1 5 801 396 130 397 1082 813 415 814
1 5 388 801 397 165 808 1082 814 409
1 5 408 812 1082 808 73 411 815 404
1 5 812 414 813 1082 411 7 412 815
1 5 1082 813 415 814 815 412 74 413
1 5 808 1082 814 409 404 815 413 132
1 5 165 397 804 401 409 814 1083 817
1 5 397 130 400 804 814 415 816 1083
1 5 804 400 57 279 1083 816 303 722
1 5 401 804 279 115 817 1083 722 297
1 5 409 814 1083 817 132 413 818 417
1 5 814 415 816 1083 413 74 416 818
1 5 1083 816 303 722 818 416 23 300
1 5 817 1083 722 297 417 818 300 52
1 5 131 389 806 402 410 809 1084 819
1 5 389 165 401 806 809 409 817 1084
1 5 806 401 115 271 1084 817 297 717
1 5 402 806 271 56 819 1084 717 296
1 5 410 809 1084 819 75 405 820 418
1 5 809 409 817 1084 405 132 417 820
1 5 1084 817 297 717 820 417 52 292
1 5 819 1084 717 296 418 820 292 19
1 5 4 419 821 326 331 822 1085 741
1 5 419 78 420 821 822 425 823 1085
1 5 821 420 133 421 1085 823 426 824
1 5 326 821 421 61 741 1085 824 332
1 5 331 822 1085 741 67 422 825 329
1 5 822 425 823 1085 422 134 423 825
1 5 1085 823 426 824 825 423 166 424
1 5 741 1085 824 332 329 825 424 122
1 5 78 427 826 420 425 827 1086 823
1 5 427 8 428 826 827 433 828 1086
1 5 826 428 79 429 1086 828 434 829
1 5 420 826 429 133 823 1086 829 426
1 5 425 827 1086 823 134 430 830 423
1 5 827 433 828 1086 430 82 431 830
1 5 1086 828 434 829 830 431 135 432
1 5 823 1086 829 426 423 830 432 166
1 5 133 429 831 436 426 829 1087 833
1 5 429 79 435 831 829 434 832 1087
1 5 831 435 24 195 1087 832 201 645
1 5 436 831 195 33 833 1087 645 194
1 5 426 829 1087 833 166 432 834 438
1 5 829 434 832 1087 432 135 437 834
1 5 1087 832 201 645 834 437 42 198
1 5 833 1087 645 194 438 834 198 106
1 5 61 421 835 333 332 824 1088 745
1 5 421 133 436 835 824 426 833 1088
1 5 835 436 33 188 1088 833 194 641
1 5 333 835 188 20 745 1088 641 193
1 5 332 824 1088 745 122 424 836 335
1 5 824 426 833 1088 424 166 438 836
1 5 1088 833 194 641 836 438 106 191
1 5 745 1088 641 193 335 836 191 41
1 5 67 422 825 329 350 837 1089 757
1 5 422 134 423 825 837 442 838 1089
1 5 825 423 166 424 1089 838 443 839
1 5 329 825 424 122 757 1089 839 351
1 5 350 837 1089 757 5 439 840 348
1 5 837 442 838 1089 439 80 440 840
1 5 1089 838 443 839 840 440 136 441
1 5 757 1089 839 351 348 840 441 64
1 5 134 430 830 423 442 841 1090 838
1 5 430 82 431 830 841 447 842 1090
1 5 830 431 135 432 1090 842 448 843
1 5 423 830 432 166 838 1090 843 443
1 5 442 841 1090 838 80 444 844 440
1 5 841 447 842 1090 444 9 445 844
1 5 1090 842 448 843 844 445 81 446
1 5 838 1090 843 443 440 844 446 136
1 5 166 432 834 438 443 843 1091 846
1 5 432 135 437 834 843 448 845 1091
1 5 834 437 42 198 1091 845 224 662
1 5 438 834 198 106 846 1091 662 220
1 5 443 843 1091 846 136 446 847 450
1 5 843 448 845 1091 446 81 449 847
1 5 1091 845 224 662 847 449 25 221
1 5 846 1091 662 220 450 847 221 37
1 5 122 424 836 335 351 839 1092 760
1 5 424 166 438 836 839 443 846 1092
1 5 836 438 106 191 1092 846 220 659
1 5 335 836 191 41 760 1092 659 219
1 5 351 839 1092 760 64 441 848 352
1 5 839 443 846 1092 441 136 450 848
1 5 1092 846 220 659 848 450 37 217
1 5 760 1092 659 219 352 848 217 21
1 5 5 439 840 348 366 849 1093 771
1 5 439 80 440 840 849 454 850 1093
1 5 840 440 136 441 1093 850 455 851
1 5 348 840 441 64 771 1093 851 367
1 5 366 849 1093 771 72 451 852 364
1 5 849 454 850 1093 451 137 452 852
1 5 1093 850 455 851 852 452 167 453
1 5 771 1093 851 367 364 852 453 126
1 5 80 444 844 440 454 853 1094 850
1 5 444 9 445 844 853 459 854 1094
1 5 844 445 81 446 1094 854 460 855
1 5 440 844 446 136 850 1094 855 455
1 5 454 853 1094 850 137 456 856 452
1 5 853 459 854 1094 456 85 457 856
1 5 1094 854 460 855 856 457 138 458
1 5 850 1094 855 455 452 856 458 167
1 5 136 446 847 450 455 855 1095 858
1 5 446 81 449 847 855 460 857 1095
1 5 847 449 25 221 1095 857 245 678
1 5 450 847 221 37 858 1095 678 241
1 5 455 855 1095 858 167 458 859 462
1 5 855 460 857 1095 458 138 461 859
1 5 1095 857 245 678 859 461 50 242
1 5 858 1095 678 241 462 859 242 111
1 5 64 441 848 352 367 851 1096 774
1 5 441 136 450 848 851 455 858 1096
1 5 848 450 37 217 1096 858 241 675
1 5 352 848 217 21 774 1096 675 240
1 5 367 851 1096 774 126 453 860 368
1 5 851 455 858 1096 453 167 462 860
1 5 1096 858 241 675 860 462 111 238
1 5 774 1096 675 240 368 860 238 49
1 5 72 451 852 364 382 861 1097 785
1 5 451 137 452 852 861 466 862 1097
1 5 852 452 167 453 1097 862 467 863
1 5 364 852 453 126 785 1097 863 383
1 5 382 861 1097 785 6 463 864 380
1 5 861 466 862 1097 463 83 464 864
1 5 1097 862 467 863 864 464 139 465
1 5 785 1097 863 383 380 864 465 69
1 5 137 456 856 452 466 865 1098 862
1 5 456 85 457 856 865 471 866 1098
1 5 856 457 138 458 1098 866 472 867
1 5 452 856 458 167 862 1098 867 467
1 5 466 865 1098 862 83 468 868 464
1 5 865 471 866 1098 468 10 469 868
1 5 1098 866 472 867 868 469 84 470
1 5 862 1098 867 467 464 868 470 139
1 5 167 458 859 462 467 867 1099 870
1 5 458 138 461 859 867 472 869 1099
1 5 859 461 50 242 1099 869 266 694
1 5 462 859 242 111 870 1099 694 262
1 5 467 867 1099 870 139 470 871 474
1 5 867 472 869 1099 470 84 473 871
1 5 1099 869 266 694 871 473 26 263
1 5 870 1099 694 262 474 871 263 45
1 5 126 453 860 368 383 863 1100 788
1 5 453 167 462 860 863 467 870 1100
1 5 860 462 111 238 1100 870 262 691
1 5 368 860 238 49 788 1100 691 261
1 5 383 863 1100 788 69 465 872 384
1 5 863 467 870 1100 465 139 474 872
1 5 1100 870 262 691 872 474 45 259
1 5 788 1100 691 261 384 872 259 22
1 5 6 463 864 380 398 873 1101 799
1 5 463 83 464 864 873 478 874 1101
1 5 864 464 139 465 1101 874 479 875
1 5 380 864 465 69 799 1101 875 399
1 5 398 873 1101 799 77 475 876 396
1 5 873 478 874 1101 475 140 476 876
1 5 1101 874 479 875 876 476 168 477
1 5 799 1101 875 399 396 876 477 130
1 5 83 468 868 464 478 877 1102 874
1 5 468 10 469 868 877 483 878 1102
1 5 868 469 84 470 1102 878 484 879
1 5 464 868 470 139 874 1102 879 479
1 5 478 877 1102 874 140 480 880 476
1 5 877 483 878 1102 480 88 481 880
1 5 1102 878 484 879 880 481 141 482
1 5 874 1102 879 479 476 880 482 168
1 5 139 470 871 474 479 879 1103 882
1 5 470 84 473 871 879 484 881 1103
1 5 871 473 26 263 1103 881 287 710
1 5 474 871 263 45 882 1103 710 283
1 5 479 879 1103 882 168 482 883 486
1 5 879 484 881 1103 482 141 485 883
1 5 1103 881 287 710 883 485 58 284
1 5 882 1103 710 283 486 883 284 116
1 5 69 465 872 384 399 875 1104 802
1 5 465 139 474 872 875 479 882 1104
1 5 872 474 45 259 1104 882 283 707
1 5 384 872 259 22 802 1104 707 282
1 5 399 875 1104 802 130 477 884 400
1 5 875 479 882 1104 477 168 486 884
1 5 1104 882 283 707 884 486 116 280
1 5 802 1104 707 282 400 884 280 57
1 5 77 475 876 396 414 885 1105 813
1 5 475 140 476 876 885 490 886 1105
1 5 876 476 168 477 1105 886 491 887
1 5 396 876 477 130 813 1105 887 415
1 5 414 885 1105 813 7 487 888 412
1 5 885 490 886 1105 487 86 488 888
1 5 1105 886 491 887 888 488 142 489
1 5 813 1105 887 415 412 888 489 74
1 5 140 480 880 476 490 889 1106 886
1 5 480 88 481 880 889 495 890 1106
1 5 880 481 141 482 1106 890 496 891
1 5 476 880 482 168 886 1106 891 491
1 5 490 889 1106 886 86 492 892 488
1 5 889 495 890 1106 492 11 493 892
1 5 1106 890 496 891 892 493 87 494
1 5 886 1106 891 491 488 892 494 142
1 5 168 482 883 486 491 891 1107 894
1 5 482 141 485 883 891 496 893 1107
1 5 883 485 58 284 1107 893 308 726
1 5 486 883 284 116 894 1107 726 304
1 5 491 891 1107 894 142 494 895 498
1 5 891 496 893 1107 494 87 497 895
1 5 1107 893 308 726 895 497 27 305
1 5 894 1107 726 304 498 895 305 53
1 5 130 477 884 400 415 887 1108 816
1 5 477 168 486 884 887 491 894 1108
1 5 884 486 116 280 1108 894 304 723
1 5 400 884 280 57 816 1108 723 303
1 5 415 887 1108 816 74 489 896 416
1 5 887 491 894 1108 489 142 498 896
1 5 1108 894 304 723 896 498 53 301
1 5 816 1108 723 303 416 896 301 23
1 5 12 499 897 502 507 898 1109 901
1 5 499 89 500 897 898 508 899 1109
1 5 897 500 143 501 1109 899 509 900
1 5 502 897 501 90 901 1109 900 510
1 5 507 898 1109 901 93 503 902 506
1 5 898 508 899 1109 503 144 504 902
1 5 1109 899 509 900 902 504 169 505
1 5 901 1109 900 510 506 902 505 145
1 5 89 511 903 500 508 904 1110 899
1 5 511 28 203 903 904 207 650 1110
1 5 903 203 34 512 1110 650 202 905
1 5 500 903 512 143 899 1110 905 509
1 5 508 904 1110 899 144 513 906 504
1 5 904 207 650 1110 513 43 205 906
1 5 1110 650 202 905 906 205 107 514
1 5 899 1110 905 509 504 906 514 169
1 5 143 512 907 515 509 905 1111 908
1 5 512 34 196 907 905 202 646 1111
1 5 907 196 24 435 1111 646 201 832
1 5 515 907 435 79 908 1111 832 434
1 5 509 905 1111 908 169 514 909 516
1 5 905 202 646 1111 514 107 199 909
1 5 1111 646 201 832 909 199 42 437
1 5 908 1111 832 434 516 909 437 135
1 5 90 501 910 517 510 900 1112 911
1 5 501 143 515 910 900 509 908 1112
1 5 910 515 79 428 1112 908 434 828
1 5 517 910 428 8 911 1112 828 433
1 5 510 900 1112 911 145 505 912 518
1 5 900 509 908 1112 505 169 516 912
1 5 1112 908 434 828 912 516 135 431
1 5 911 1112 828 433 518 912 431 82
1 5 93 503 902 506 523 913 1113 916
1 5 503 144 504 902 913 524 914 1113
1 5 902 504 169 505 1113 914 525 915
1 5 506 902 505 145 916 1113 915 526
1 5 523 913 1113 916 13 519 917 522
1 5 913 524 914 1113 519 91 520 917
1 5 1113 914 525 915 917 520 146 521
1 5 916 1113 915 526 522 917 521 92
1 5 144 513 906 504 524 918 1114 914
1 5 513 43 205 906 918 228 666 1114
1 5 906 205 107 514 1114 666 225 919
1 5 504 906 514 169 914 1114 919 525
1 5 524 918 1114 914 91 527 920 520
1 5 918 228 666 1114 527 29 226 920
1 5 1114 666 225 919 920 226 38 528
1 5 914 1114 919 525 520 920 528 146
1 5 169 514 909 516 525 919 1115 921
1 5 514 107 199 909 919 225 663 1115
1 5 909 199 42 437 1115 663 224 845
1 5 516 909 437 135 921 1115 845 448
1 5 525 919 1115 921 146 528 922 529
1 5 919 225 663 1115 528 38 222 922
1 5 1115 663 224 845 922 222 25 449
1 5 921 1115 845 448 529 922 449 81
1 5 145 505 912 518 526 915 1116 923
1 5 505 169 516 912 915 525 921 1116
1 5 912 516 135 431 1116 921 448 842
1 5 518 912 431 82 923 1116 842 447
1 5 526 915 1116 923 92 521 924 530
1 5 915 525 921 1116 521 146 529 924
1 5 1116 921 448 842 924 529 81 445
1 5 923 1116 842 447 530 924 445 9
1 5 13 519 917 522 535 925 1117 928
1 5 519 91 520 917 925 536 926 1117
1 5 917 520 146 521 1117 926 537 927
1 5 522 917 521 92 928 1117 927 538
1 5 535 925 1117 928 96 531 929 534
1 5 925 536 926 1117 531 147 532 929
1 5 1117 926 537 927 929 532 170 533
1 5 928 1117 927 538 534 929 533 148
1 5 91 527 920 520 536 930 1118 926
1 5 527 29 226 920 930 249 682 1118
1 5 920 226 38 528 1118 682 246 931
1 5 520 920 528 146 926 1118 931 537
1 5 536 930 1118 926 147 539 932 532
1 5 930 249 682 1118 539 51 247 932
1 5 1118 682 246 931 932 247 112 540
1 5 926 1118 931 537 532 932 540 170
1 5 146 528 922 529 537 931 1119 933
1 5 528 38 222 922 931 246 679 1119
1 5 922 222 25 449 1119 679 245 857
1 5 529 922 449 81 933 1119 857 460
1 5 537 931 1119 933 170 540 934 541
1 5 931 246 679 1119 540 112 243 934
1 5 1119 679 245 857 934 243 50 461
1 5 933 1119 857 460 541 934 461 138
1 5 92 521 924 530 538 927 1120 935
1 5 521 146 529 924 927 537 933 1120
1 5 924 529 81 445 1120 933 460 854
1 5 530 924 445 9 935 1120 854 459
1 5 538 927 1120 935 148 533 936 542
1 5 927 537 933 1120 533 170 541 936
1 5 1120 933 460 854 936 541 138 457
1 5 935 1120 854 459 542 936 457 85
1 5 96 531 929 534 547 937 1121 940
1 5 531 147 532 929 937 548 938 1121
1 5 929 532 170 533 1121 938 549 939
1 5 534 929 533 148 940 1121 939 550
1 5 547 937 1121 940 14 543 941 546
1 5 937 548 938 1121 543 94 544 941
1 5 1121 938 549 939 941 544 149 545
1 5 940 1121 939 550 546 941 545 95
1 5 147 539 932 532 548 942 1122 938
1 5 539 51 247 932 942 270 698 1122
1 5 932 247 112 540 1122 698 267 943
1 5 532 932 540 170 938 1122 943 549
1 5 548 942 1122 938 94 551 944 544
1 5 942 270 698 1122 551 30 268 944
1 5 1122 698 267 943 944 268 46 552
1 5 938 1122 943 549 544 944 552 149
1 5 170 540 934 541 549 943 1123 945
1 5 540 112 243 934 943 267 695 1123
1 5 934 243 50 461 1123 695 266 869
1 5 541 934 461 138 945 1123 869 472
1 5 549 943 1123 945 149 552 946 553
1 5 943 267 695 1123 552 46 264 946
1 5 1123 695 266 869 946 264 26 473
1 5 945 1123 869 472 553 946 473 84
1 5 148 533 936 542 550 939 1124 947
1 5 533 170 541 936 939 549 945 1124
1 5 936 541 138 457 1124 945 472 866
1 5 542 936 457 85 947 1124 866 471
1 5 550 939 1124 947 95 545 948 554
1 5 939 549 945 1124 545 149 553 948
1 5 1124 945 472 866 948 553 84 469
1 5 947 1124 866 471 554 948 469 10
1 5 14 543 941 546 559 949 1125 952
1 5 543 94 544 941 949 560 950 1125
1 5 941 544 149 545 1125 950 561 951
1 5 546 941 545 95 952 1125 951 562
1 5 559 949 1125 952 99 555 953 558
1 5 949 560 950 1125 555 150 556 953
1 5 1125 950 561 951 953 556 171 557
1 5 952 1125 951 562 558 953 557 151
1 5 94 551 944 544 560 954 1126 950
1 5 551 30 268 944 954 291 714 1126
1 5 944 268 46 552 1126 714 288 955
1 5 544 944 552 149 950 1126 955 561
1 5 560 954 1126 950 150 563 956 556
1 5 954 291 714 1126 563 59 289 956
1 5 1126 714 288 955 956 289 117 564
1 5 950 1126 955 561 556 956 564 171
1 5 149 552 946 553 561 955 1127 957
1 5 552 46 264 946 955 288 711 1127
1 5 946 264 26 473 1127 711 287 881
1 5 553 946 473 84 957 1127 881 484
1 5 561 955 1127 957 171 564 958 565
1 5 955 288 711 1127 564 117 285 958
1 5 1127 711 287 881 958 285 58 485
1 5 957 1127 881 484 565 958 485 141
1 5 95 545 948 554 562 951 1128 959
1 5 545 149 553 948 951 561 957 1128
1 5 948 553 84 469 1128 957 484 878
1 5 554 948 469 10 959 1128 878 483
1 5 562 951 1128 959 151 557 960 566
1 5 951 561 957 1128 557 171 565 960
1 5 1128 957 484 878 960 565 141 481
1 5 959 1128 878 483 566 960 481 88
1 5 99 555 953 558 571 961 1129 964
1 5 555 150 556 953 961 572 962 1129
1 5 953 556 171 557 1129 962 573 963
1 5 558 953 557 151 964 1129 963 574
1 5 571 961 1129 964 15 567 965 570
1 5 961 572 962 1129 567 97 568 965
1 5 1129 962 573 963 965 568 152 569
1 5 964 1129 963 574 570 965 569 98
1 5 150 563 956 556 572 966 1130 962
1 5 563 59 289 956 966 312 730 1130
1 5 956 289 117 564 1130 730 309 967
1 5 556 956 564 171 962 1130 967 573
1 5 572 966 1130 962 97 575 968 568
1 5 966 312 730 1130 575 31 310 968
1 5 1130 730 309 967 968 310 54 576
1 5 962 1130 967 573 568 968 576 152
1 5 171 564 958 565 573 967 1131 969
1 5 564 117 285 958 967 309 727 1131
1 5 958 285 58 485 1131 727 308 893
1 5 565 958 485 141 969 1131 893 496
1 5 573 967 1131 969 152 576 970 577
1 5 967 309 727 1131 576 54 306 970
1 5 1131 727 308 893 970 306 27 497
1 5 969 1131 893 496 577 970 497 87
1 5 151 557 960 566 574 963 1132 971
1 5 557 171 565 960 963 573 969 1132
1 5 960 565 141 481 1132 969 496 890
1 5 566 960 481 88 971 1132 890 495
1 5 574 963 1132 971 98 569 972 578
1 5 963 573 969 1132 569 152 577 972
1 5 1132 969 496 890 972 577 87 493
1 5 971 1132 890 495 578 972 493 11
1 5 0 316 973 581 321 737 1133 976
1 5 316 62 579 973 737 324 974 1133
1 5 973 579 153 580 1133 974 585 975
1 5 581 973 580 100 976 1133 975 586
1 5 321 737 1133 976 66 320 977 584
1 5 737 324 974 1133 320 123 582 977
1 5 1133 974 585 975 977 582 172 583
1 5 976 1133 975 586 584 977 583 154
1 5 62 337 978 579 324 749 1134 974
1 5 337 16 178 978 749 183 637 1134
1 5 978 178 35 587 1134 637 186 979
1 5 579 978 587 153 974 1134 979 585
1 5 324 749 1134 974 123 338 980 582
1 5 749 183 637 1134 338 40 182 980
1 5 1134 637 186 979 980 182 108 588
1 5 974 1134 979 585 582 980 588 172
1 5 153 587 981 589 585 979 1135 982
1 5 587 35 204 981 979 186 651 1135
1 5 981 204 28 511 1135 651 207 904
1 5 589 981 511 89 982 1135 904 508
1 5 585 979 1135 982 172 588 983 590
1 5 979 186 651 1135 588 108 206 983
1 5 1135 651 207 904 983 206 43 513
1 5 982 1135 904 508 590 983 513 144
1 5 100 580 984 591 586 975 1136 985
1 5 580 153 589 984 975 585 982 1136
1 5 984 589 89 499 1136 982 508 898
1 5 591 984 499 12 985 1136 898 507
1 5 586 975 1136 985 154 583 986 592
1 5 975 585 982 1136 583 172 590 986
1 5 1136 982 508 898 986 590 144 503
1 5 985 1136 898 507 592 986 503 93
1 5 66 320 977 584 343 754 1137 989
1 5 320 123 582 977 754 346 987 1137
1 5 977 582 172 583 1137 987 596 988
1 5 584 977 583 154 989 1137 988 597
1 5 343 754 1137 989 1 342 990 595
1 5 754 346 987 1137 342 65 593 990
1 5 1137 987 596 988 990 593 155 594
1 5 989 1137 988 597 595 990 594 101
1 5 123 338 980 582 346 763 1138 987
1 5 338 40 182 980 763 212 656 1138
1 5 980 182 108 588 1138 656 215 991
1 5 582 980 588 172 987 1138 991 596
1 5 346 763 1138 987 65 354 992 593
1 5 763 212 656 1138 354 17 211 992
1 5 1138 656 215 991 992 211 39 598
1 5 987 1138 991 596 593 992 598 155
1 5 172 588 983 590 596 991 1139 993
1 5 588 108 206 983 991 215 667 1139
1 5 983 206 43 513 1139 667 228 918
1 5 590 983 513 144 993 1139 918 524
1 5 596 991 1139 993 155 598 994 599
1 5 991 215 667 1139 598 39 227 994
1 5 1139 667 228 918 994 227 29 527
1 5 993 1139 918 524 599 994 527 91
1 5 154 583 986 592 597 988 1140 995
1 5 583 172 590 986 988 596 993 1140
1 5 986 590 144 503 1140 993 524 913
1 5 592 986 503 93 995 1140 913 523
1 5 597 988 1140 995 101 594 996 600
1 5 988 596 993 1140 594 155 599 996
1 5 1140 993 524 913 996 599 91 519
1 5 995 1140 913 523 600 996 519 13
1 5 1 342 990 595 359 768 1141 999
1 5 342 65 593 990 768 362 997 1141
1 5 990 593 155 594 1141 997 604 998
1 5 595 990 594 101 999 1141 998 605
1 5 359 768 1141 999 71 358 1000 603
1 5 768 362 997 1141 358 127 601 1000
1 5 1141 997 604 998 1000 601 173 602
1 5 999 1141 998 605 603 1000 602 156
1 5 65 354 992 593 362 777 1142 997
1 5 354 17 211 992 777 233 672 1142
1 5 992 211 39 598 1142 672 236 1001
1 5 593 992 598 155 997 1142 1001 604
1 5 362 777 1142 997 127 370 1002 601
1 5 777 233 672 1142 370 48 232 1002
1 5 1142 672 236 1001 1002 232 113 606
1 5 997 1142 1001 604 601 1002 606 173
1 5 155 598 994 599 604 1001 1143 1003
1 5 598 39 227 994 1001 236 683 1143
1 5 994 227 29 527 1143 683 249 930
1 5 599 994 527 91 1003 1143 930 536
1 5 604 1001 1143 1003 173 606 1004 607
1 5 1001 236 683 1143 606 113 248 1004
1 5 1143 683 249 930 1004 248 51 539
1 5 1003 1143 930 536 607 1004 539 147
1 5 101 594 996 600 605 998 1144 1005
1 5 594 155 599 996 998 604 1003 1144
1 5 996 599 91 519 1144 1003 536 925
1 5 600 996 519 13 1005 1144 925 535
1 5 605 998 1144 1005 156 602 1006 608
1 5 998 604 1003 1144 602 173 607 1006
1 5 1144 1003 536 925 1006 607 147 531
1 5 1005 1144 925 535 608 1006 531 96
1 5 71 358 1000 603 375 782 1145 1009
1 5 358 127 601 1000 782 378 1007 1145
1 5 1000 601 173 602 1145 1007 612 1008
1 5 603 1000 602 156 1009 1145 1008 613
1 5 375 782 1145 1009 2 374 1010 611
1 5 782 378 1007 1145 374 70 609 1010
1 5 1145 1007 612 1008 1010 609 157 610
1 5 1009 1145 1008 613 611 1010 610 102
1 5 127 370 1002 601 378 791 1146 1007
1 5 370 48 232 1002 791 254 688 1146
1 5 1002 232 113 606 1146 688 257 1011
1 5 601 1002 606 173 1007 1146 1011 612
1 5 378 791 1146 1007 70 386 1012 609
1 5 791 254 688 1146 386 18 253 1012
1 5 1146 688 257 1011 1012 253 47 614
1 5 1007 1146 1011 612 609 1012 614 157
1 5 173 606 1004 607 612 1011 1147 1013
1 5 606 113 248 1004 1011 257 699 1147
1 5 1004 248 51 539 1147 699 270 942
1 5 607 1004 539 147 1013 1147 942 548
1 5 612 1011 1147 1013 157 614 1014 615
1 5 1011 257 699 1147 614 47 269 1014
1 5 1147 699 270 942 1014 269 30 551
1 5 1013 1147 942 548 615 1014 551 94
1 5 156 602 1006 608 613 1008 1148 1015
1 5 602 173 607 1006 1008 612 1013 1148
1 5 1006 607 147 531 1148 1013 548 937
1 5 608 1006 531 96 1015 1148 937 547
1 5 613 1008 1148 1015 102 610 1016 616
1 5 1008 612 1013 1148 610 157 615 1016
1 5 1148 1013 548 937 1016 615 94 543
1 5 1015 1148 937 547 616 1016 543 14
1 5 2 374 1010 611 391 796 1149 1019
1 5 374 70 609 1010 796 394 1017 1149
1 5 1010 609 157 610 1149 1017 620 1018
1 5 611 1010 610 102 1019 1149 1018 621
1 5 391 796 1149 1019 76 390 1020 619
1 5 796 394 1017 1149 390 131 617 1020
1 5 1149 1017 620 1018 1020 617 174 618
1 5 1019 1149 1018 621 619 1020 618 158
1 5 70 386 1012 609 394 805 1150 1017
1 5 386 18 253 1012 805 275 704 1150
1 5 1012 253 47 614 1150 704 278 1021
1 5 609 1012 614 157 1017 1150 1021 620
1 5 394 805 1150 1017 131 402 1022 617
1 5 805 275 704 1150 402 56 274 1022
1 5 1150 704 278 1021 1022 274 118 622
1 5 1017 1150 1021 620 617 1022 622 174
1 5 157 614 1014 615 620 1021 1151 1023
1 5 614 47 269 1014 1021 278 715 1151
1 5 1014 269 30 551 1151 715 291 954
1 5 615 1014 551 94 1023 1151 954 560
1 5 620 1021 1151 1023 174 622 1024 623
1 5 1021 278 715 1151 622 118 290 1024
1 5 1151 715 291 954 1024 290 59 563
1 5 1023 1151 954 560 623 1024 563 150
1 5 102 610 1016 616 621 1018 1152 1025
1 5 610 157 615 1016 1018 620 1023 1152
1 5 1016 615 94 543 1152 1023 560 949
1 5 616 1016 543 14 1025 1152 949 559
1 5 621 1018 1152 1025 158 618 1026 624
1 5 1018 620 1023 1152 618 174 623 1026
1 5 1152 1023 560 949 1026 623 150 555
1 5 1025 1152 949 559 624 1026 555 99
1 5 76 390 1020 619 407 810 1153 1029
1 5 390 131 617 1020 810 410 1027 1153
1 5 1020 617 174 618 1153 1027 628 1028
1 5 619 1020 618 158 1029 1153 1028 629
1 5 407 810 1153 1029 3 406 1030 627
1 5 810 410 1027 1153 406 75 625 1030
1 5 1153 1027 628 1028 1030 625 159 626
1 5 1029 1153 1028 629 627 1030 626 103
1 5 131 402 1022 617 410 819 1154 1027
1 5 402 56 274 1022 819 296 720 1154
1 5 1022 274 118 622 1154 720 299 1031
1 5 617 1022 622 174 1027 1154 1031 628
1 5 410 819 1154 1027 75 418 1032 625
1 5 819 296 720 1154 418 19 295 1032
1 5 1154 720 299 1031 1032 295 55 630
1 5 1027 1154 1031 628 625 1032 630 159
1 5 174 622 1024 623 628 1031 1155 1033
1 5 622 118 290 1024 1031 299 731 1155
1 5 1024 290 59 563 1155 731 312 966
1 5 623 1024 563 150 1033 1155 966 572
1 5 628 1031 1155 1033 159 630 1034 631
1 5 1031 299 731 1155 630 55 311 1034
1 5 1155 731 312 966 1034 311 31 575
1 5 1033 1155 966 572 631 1034 575 97
1 5 158 618 1026 624 629 1028 1156 1035
1 5 618 174 623 1026 1028 628 1033 1156
1 5 1026 623 150 555 1156 1033 572 961
1 5 624 1026 555 99 1035 1156 961 571
1 5 629 1028 1156 1035 103 626 1036 632
1 5 1028 628 1033 1156 626 159 631 1036
1 5 1156 1033 572 961 1036 631 97 567
1 5 1035 1156 961 571 632 1036 567 15

boundary
352
1 3 0 313 734 321
1 3 313 60 322 734
1 3 734 322 121 317
1 3 321 734 317 66
1 3 60 325 740 322
1 3 325 4 331 740
1 3 740 331 67 328
1 3 322 740 328 121
1 3 121 328 756 344
1 3 328 67 350 756
1 3 756 350 5 347
1 3 344 756 347 63
1 3 66 317 751 343
1 3 317 121 344 751
1 3 751 344 63 339
1 3 343 751 339 1
1 3 1 339 765 359
1 3 339 63 360 765
1 3 765 360 125 355
1 3 359 765 355 71
1 3 63 347 770 360
1 3 347 5 366 770
1 3 770 366 72 363
1 3 360 770 363 125
1 3 125 363 784 376
1 3 363 72 382 784
1 3 784 382 6 379
1 3 376 784 379 68
1 3 71 355 779 375
1 3 355 125 376 779
1 3 779 376 68 371
1 3 375 779 371 2
1 3 2 371 793 391
1 3 371 68 392 793
1 3 793 392 129 387
1 3 391 793 387 76
1 3 68 379 798 392
1 3 379 6 398 798
1 3 798 398 77 395
1 3 392 798 395 129
1 3 129 395 812 408
1 3 395 77 414 812
1 3 812 414 7 411
1 3 408 812 411 73
1 3 76 387 807 407
1 3 387 129 408 807
1 3 807 408 73 403
1 3 407 807 403 3
1 3 8 517 911 433
1 3 517 90 510 911
1 3 911 510 145 518
1 3 433 911 518 82
1 3 90 502 901 510
1 3 502 12 507 901
1 3 901 507 93 506
1 3 510 901 506 145
1 3 145 506 916 526
1 3 506 93 523 916
1 3 916 523 13 522
1 3 526 916 522 92
1 3 82 518 923 447
1 3 518 145 526 923
1 3 923 526 92 530
1 3 447 923 530 9
1 3 9 530 935 459
1 3 530 92 538 935
1 3 935 538 148 542
1 3 459 935 542 85
1 3 92 522 928 538
1 3 522 13 535 928
1 3 928 535 96 534
1 3 538 928 534 148
1 3 148 534 940 550
1 3 534 96 547 940
1 3 940 547 14 546
1 3 550 940 546 95
1 3 85 542 947 471
1 3 542 148 550 947
1 3 947 550 95 554
1 3 471 947 554 10
1 3 10 554 959 483
1 3 554 95 562 959
1 3 959 562 151 566
1 3 483 959 566 88
1 3 95 546 952 562
1 3 546 14 559 952
1 3 952 559 99 558
1 3 562 952 558 151
1 3 151 558 964 574
1 3 558 99 571 964
1 3 964 571 15 570
1 3 574 964 570 98
1 3 88 566 971 495
1 3 566 151 574 971
1 3 971 574 98 578
1 3 495 971 578 11
1 3 4 419 822 331
1 3 419 78 425 822
1 3 822 425 134 422
1 3 331 822 422 67
1 3 78 427 827 425
1 3 427 8 433 827
1 3 827 433 82 430
1 3 425 827 430 134
1 3 134 430 841 442
1 3 430 82 447 841
1 3 841 447 9 444
1 3 442 841 444 80
1 3 67 422 837 350
1 3 422 134 442 837
1 3 837 442 80 439
1 3 350 837 439 5
1 3 5 439 849 366
1 3 439 80 454 849
1 3 849 454 137 451
1 3 366 849 451 72
1 3 80 444 853 454
1 3 444 9 459 853
1 3 853 459 85 456
1 3 454 853 456 137
1 3 137 456 865 466
1 3 456 85 471 865
1 3 865 471 10 468
1 3 466 865 468 83
1 3 72 451 861 382
1 3 451 137 466 861
1 3 861 466 83 463
1 3 382 861 463 6
1 3 6 463 873 398
1 3 463 83 478 873
1 3 873 478 140 475
1 3 398 873 475 77
1 3 83 468 877 478
1 3 468 10 483 877
1 3 877 483 88 480
1 3 478 877 480 140
1 3 140 480 889 490
1 3 480 88 495 889
1 3 889 495 11 492
1 3 490 889 492 86
1 3 77 475 885 414
1 3 475 140 490 885
1 3 885 490 86 487
1 3 414 885 487 7
1 3 12 591 985 507
1 3 591 100 586 985
1 3 985 586 154 592
1 3 507 985 592 93
1 3 100 581 976 586
1 3 581 0 321 976
1 3 976 321 66 584
1 3 586 976 584 154
1 3 154 584 989 597
1 3 584 66 343 989
1 3 989 343 1 595
1 3 597 989 595 101
1 3 93 592 995 523
1 3 592 154 597 995
1 3 995 597 101 600
1 3 523 995 600 13
1 3 13 600 1005 535
1 3 600 101 605 1005
1 3 1005 605 156 608
1 3 535 1005 608 96
1 3 101 595 999 605
1 3 595 1 359 999
1 3 999 359 71 603
1 3 605 999 603 156
1 3 156 603 1009 613
1 3 603 71 375 1009
1 3 1009 375 2 611
1 3 613 1009 611 102
1 3 96 608 1015 547
1 3 608 156 613 1015
1 3 1015 613 102 616
1 3 547 1015 616 14
1 3 14 616 1025 559
1 3 616 102 621 1025
1 3 1025 621 158 624
1 3 559 1025 624 99
1 3 102 611 1019 621
1 3 611 2 391 1019
1 3 1019 391 76 619
1 3 621 1019 619 158
1 3 158 619 1029 629
1 3 619 76 407 1029
1 3 1029 407 3 627
1 3 629 1029 627 103
1 3 99 624 1035 571
1 3 624 158 629 1035
1 3 1035 629 103 632
1 3 571 1035 632 15
2 3 16 178 633 175
2 3 178 35 177 633
2 3 633 177 104 176
2 3 175 633 176 32
2 3 35 204 649 177
2 3 204 28 203 649
2 3 649 203 34 197
2 3 177 649 197 104
2 3 104 197 644 189
2 3 197 34 196 644
2 3 644 196 24 195
2 3 189 644 195 33
2 3 32 176 639 187
2 3 176 104 189 639
2 3 639 189 33 188
2 3 187 639 188 20
2 3 19 292 721 295
2 3 292 52 293 721
2 3 721 293 119 294
2 3 295 721 294 55
2 3 52 300 725 293
2 3 300 23 301 725
2 3 725 301 53 302
2 3 293 725 302 119
2 3 119 302 729 307
2 3 302 53 305 729
2 3 729 305 27 306
2 3 307 729 306 54
2 3 55 294 732 311
2 3 294 119 307 732
2 3 732 307 54 310
2 3 311 732 310 31
2 3 0 316 733 313
2 3 316 62 315 733
2 3 733 315 120 314
2 3 313 733 314 60
2 3 62 337 748 315
2 3 337 16 175 748
2 3 748 175 32 334
2 3 315 748 334 120
