MFEM mesh v1.0

#
# MFEM Geometry Types (see mesh/geom.hpp):
#
# POINT       = 0
# SEGMENT     = 1
# TRIANGLE    = 2
# SQUARE      = 3
# TETRAHEDRON = 4
# CUBE        = 5
# PRISM       = 6
#

dimension
2

elements
256
1 3 0 81 225 84
1 3 81 25 82 225
1 3 225 82 65 83
1 3 84 225 83 28
1 3 25 85 226 82
1 3 85 1 86 226
1 3 226 86 26 87
1 3 82 226 87 65
1 3 65 87 227 90
1 3 87 26 88 227
1 3 227 88 6 89
1 3 90 227 89 27
1 3 28 83 228 92
1 3 83 65 90 228
1 3 228 90 27 91
1 3 92 228 91 5
1 3 1 93 229 86
1 3 93 29 94 229
1 3 229 94 66 95
1 3 86 229 95 26
1 3 29 96 230 94
1 3 96 2 97 230
1 3 230 97 30 98
1 3 94 230 98 66
1 3 66 98 231 101
1 3 98 30 99 231
1 3 231 99 7 100
1 3 101 231 100 31
1 3 26 95 232 88
1 3 95 66 101 232
1 3 232 101 31 102
1 3 88 232 102 6
1 3 2 103 233 97
1 3 103 32 104 233
1 3 233 104 67 105
1 3 97 233 105 30
1 3 32 106 234 104
1 3 106 3 107 234
1 3 234 107 33 108
1 3 104 234 108 67
1 3 67 108 235 111
1 3 108 33 109 235
1 3 235 109 8 110
1 3 111 235 110 34
1 3 30 105 236 99
1 3 105 67 111 236
1 3 236 111 34 112
1 3 99 236 112 7
1 3 3 113 237 107
1 3 113 35 114 237
1 3 237 114 68 115
1 3 107 237 115 33
1 3 35 116 238 114
1 3 116 4 117 238
1 3 238 117 36 118
1 3 114 238 118 68
1 3 68 118 239 121
1 3 118 36 119 239
1 3 239 119 9 120
1 3 121 239 120 37
1 3 33 115 240 109
1 3 115 68 121 240
1 3 240 121 37 122
1 3 109 240 122 8
1 3 5 91 241 125
1 3 91 27 123 241
1 3 241 123 69 124
1 3 125 241 124 40
1 3 27 89 242 123
1 3 89 6 126 242
1 3 242 126 38 127
1 3 123 242 127 69
1 3 69 127 243 130
1 3 127 38 128 243
1 3 243 128 11 129
1 3 130 243 129 39
1 3 40 124 244 132
1 3 124 69 130 244
1 3 244 130 39 131
1 3 132 244 131 10
1 3 6 102 245 126
1 3 102 31 133 245
1 3 245 133 70 134
1 3 126 245 134 38
1 3 31 100 246 133
1 3 100 7 135 246
1 3 246 135 41 136
1 3 133 246 136 70
1 3 70 136 247 139
1 3 136 41 137 247
1 3 247 137 12 138
1 3 139 247 138 42
1 3 38 134 248 128
1 3 134 70 139 248
1 3 248 139 42 140
1 3 128 248 140 11
1 3 7 112 249 135
1 3 112 34 141 249
1 3 249 141 71 142
1 3 135 249 142 41
1 3 34 110 250 141
1 3 110 8 143 250
1 3 250 143 43 144
1 3 141 250 144 71
1 3 71 144 251 147
1 3 144 43 145 251
1 3 251 145 13 146
1 3 147 251 146 44
1 3 41 142 252 137
1 3 142 71 147 252
1 3 252 147 44 148
1 3 137 252 148 12
1 3 8 122 253 143
1 3 122 37 149 253
1 3 253 149 72 150
1 3 143 253 150 43
1 3 37 120 254 149
1 3 120 9 151 254
1 3 254 151 45 152
1 3 149 254 152 72
1 3 72 152 255 155
1 3 152 45 153 255
1 3 255 153 14 154
1 3 155 255 154 46
1 3 43 150 256 145
1 3 150 72 155 256
1 3 256 155 46 156
1 3 145 256 156 13
1 3 10 131 257 159
1 3 131 39 157 257
1 3 257 157 73 158
1 3 159 257 158 49
1 3 39 129 258 157
1 3 129 11 160 258
1 3 258 160 47 161
1 3 157 258 161 73
1 3 73 161 259 164
1 3 161 47 162 259
1 3 259 162 16 163
1 3 164 259 163 48
1 3 49 158 260 166
1 3 158 73 164 260
1 3 260 164 48 165
1 3 166 260 165 15
1 3 11 140 261 160
1 3 140 42 167 261
1 3 261 167 74 168
1 3 160 261 168 47
1 3 42 138 262 167
1 3 138 12 169 262
1 3 262 169 50 170
1 3 167 262 170 74
1 3 74 170 263 173
1 3 170 50 171 263
1 3 263 171 17 172
1 3 173 263 172 51
1 3 47 168 264 162
1 3 168 74 173 264
1 3 264 173 51 174
1 3 162 264 174 16
1 3 12 148 265 169
1 3 148 44 175 265
1 3 265 175 75 176
1 3 169 265 176 50
1 3 44 146 266 175
1 3 146 13 177 266
1 3 266 177 52 178
1 3 175 266 178 75
1 3 75 178 267 181
1 3 178 52 179 267
1 3 267 179 18 180
1 3 181 267 180 53
1 3 50 176 268 171
1 3 176 75 181 268
1 3 268 181 53 182
1 3 171 268 182 17
1 3 13 156 269 177
1 3 156 46 183 269
1 3 269 183 76 184
1 3 177 269 184 52
1 3 46 154 270 183
1 3 154 14 185 270
1 3 270 185 54 186
1 3 183 270 186 76
1 3 76 186 271 189
1 3 186 54 187 271
1 3 271 187 19 188
1 3 189 271 188 55
1 3 52 184 272 179
1 3 184 76 189 272
1 3 272 189 55 190
1 3 179 272 190 18
1 3 15 165 273 193
1 3 165 48 191 273
1 3 273 191 77 192
1 3 193 273 192 58
1 3 48 163 274 191
1 3 163 16 194 274
1 3 274 194 56 195
1 3 191 274 195 77
1 3 77 195 275 198
1 3 195 56 196 275
1 3 275 196 21 197
1 3 198 275 197 57
1 3 58 192 276 200
1 3 192 77 198 276
1 3 276 198 57 199
1 3 200 276 199 20
1 3 16 174 277 194
1 3 174 51 201 277
1 3 277 201 78 202
1 3 194 277 202 56
1 3 51 172 278 201
1 3 172 17 203 278
1 3 278 203 59 204
1 3 201 278 204 78
1 3 78 204 279 207
1 3 204 59 205 279
1 3 279 205 22 206
1 3 207 279 206 60
1 3 56 202 280 196
1 3 202 78 207 280
1 3 280 207 60 208
1 3 196 280 208 21
1 3 17 182 281 203
1 3 182 53 209 281
1 3 281 209 79 210
1 3 203 281 210 59
1 3 53 180 282 209
1 3 180 18 211 282
1 3 282 211 61 212
1 3 209 282 212 79
1 3 79 212 283 215
1 3 212 61 213 283
1 3 283 213 23 214
1 3 215 283 214 62
1 3 59 210 284 205
1 3 210 79 215 284
1 3 284 215 62 216
1 3 205 284 216 22
1 3 18 190 285 211
1 3 190 55 217 285
1 3 285 217 80 218
1 3 211 285 218 61
1 3 55 188 286 217
1 3 188 19 219 286
1 3 286 219 63 220
1 3 217 286 220 80
1 3 80 220 287 223
1 3 220 63 221 287
1 3 287 221 24 222
1 3 223 287 222 64
1 3 61 218 288 213
1 3 218 80 223 288
1 3 288 223 64 224
1 3 213 288 224 23

boundary
64
2 1 0 81
2 1 81 25
2 1 25 85
2 1 85 1
2 1 1 93
2 1 93 29
2 1 29 96
2 1 96 2
2 1 2 103
2 1 103 32
2 1 32 106
2 1 106 3
2 1 3 113
2 1 113 35
2 1 35 116
2 1 116 4
2 1 21 197
2 1 197 57
2 1 57 199
2 1 199 20
2 1 22 206
2 1 206 60
2 1 60 208
2 1 208 21
2 1 23 214
2 1 214 62
2 1 62 216
2 1 216 22
2 1 24 222
2 1 222 64
2 1 64 224
2 1 224 23
1 1 5 92
1 1 92 28
1 1 28 84
1 1 84 0
1 1 10 132
1 1 132 40
1 1 40 125
1 1 125 5
1 1 15 166
1 1 166 49
1 1 49 159
1 1 159 10
1 1 20 200
1 1 200 58
1 1 58 193
1 1 193 15
1 1 4 117
1 1 117 36
1 1 36 119
1 1 119 9
1 1 9 151
1 1 151 45
1 1 45 153
1 1 153 14
1 1 14 185
1 1 185 54
1 1 54 187
1 1 187 19
1 1 19 219
1 1 219 63
1 1 63 221
1 1 221 24

vertices
289

nodes
FiniteElementSpace
FiniteElementCollection: H1_2D_P1
VDim: 2
Ordering: 0

0
0.25
0.5
0.75
1
0
0.25
0.5
0.75
1
0
0.25
0.5
0.75
1
0
0.25
0.5
0.75
1
0
0.25
0.5
0.75
1
0.125
0.25
0.125
0
0.375
0.5
0.375
0.625
0.75
0.625
0.875
1
0.875
0.25
0.125
0
0.5
0.375
0.75
0.625
1
0.875
0.25
0.125
0
0.5
0.375
0.75
0.625
1
0.875
0.25
0.125
0
0.5
0.375
0.75
0.625
1
0.875
0.125
0.375
0.625
0.875
0.125
0.375
0.625
0.875
0.125
0.375
0.625
0.875
0.125
0.375
0.625
0.875
0.0625
0.125
0.0625
0
0.1875
0.25
0.1875
0.25
0.1875
0.125
0.0625
0
0.3125
0.375
0.3125
0.4375
0.5
0.4375
0.5
0.4375
0.375
0.3125
0.5625
0.625
0.5625
0.6875
0.75
0.6875
0.75
0.6875
0.625
0.5625
0.8125
0.875
0.8125
0.9375
1
0.9375
1
0.9375
0.875
0.8125
0.125
0.0625
0
0.25
0.1875
0.25
0.1875
0.125
0.0625
0
0.375
0.3125
0.5
0.4375
0.5
0.4375
0.375
0.3125
0.625
0.5625
0.75
0.6875
0.75
0.6875
0.625
0.5625
0.875
0.8125
1
0.9375
1
0.9375
0.875
0.8125
0.125
0.0625
0
0.25
0.1875
0.25
0.1875
0.125
0.0625
0
0.375
0.3125
0.5
0.4375
0.5
0.4375
0.375
0.3125
0.625
0.5625
0.75
0.6875
0.75
0.6875
0.625
0.5625
0.875
0.8125
1
0.9375
1
0.9375
0.875
0.8125
0.125
0.0625
0
0.25
0.1875
0.25
0.1875
0.125
0.0625
0
0.375
0.3125
0.5
0.4375
0.5
0.4375
0.375
0.3125
0.625
0.5625
0.75
0.6875
0.75
0.6875
0.625
0.5625
0.875
0.8125
1
0.9375
1
0.9375
0.875
0.8125
0.0625
0.1875
0.1875
0.0625
0.3125
0.4375
0.4375
0.3125
0.5625
0.6875
0.6875
0.5625
0.8125
0.9375
0.9375
0.8125
0.0625
0.1875
0.1875
0.0625
0.3125
0.4375
0.4375
0.3125
0.5625
0.6875
0.6875
0.5625
0.8125
0.9375
0.9375
0.8125
0.0625
0.1875
0.1875
0.0625
0.3125
0.4375
0.4375
0.3125
0.5625
0.6875
0.6875
0.5625
0.8125
0.9375
0.9375
0.8125
0.0625
0.1875
0.1875
0.0625
0.3125
0.4375
0.4375
0.3125
0.5625
0.6875
0.6875
0.5625
0.8125
0.9375
0.9375
0.8125
0
0
0
0
0
0.015625
0.015625
0.015625
0.015625
0.015625
0.125
0.125
0.125
0.125
0.125
0.421875
0.421875
0.421875
0.421875
0.421875
1
1
1
1
1
0
0.001953125
0.015625
0.001953125
0
0.001953125
0.015625
0
0.001953125
0.015625
0
0.001953125
0.015625
0.052734375
0.125
0.052734375
0.052734375
0.125
0.052734375
0.125
0.052734375
0.125
0.24414062
0.421875
0.24414062
0.24414062
0.421875
0.24414062
0.421875
0.24414062
0.421875
0.66992188
1
0.66992188
0.66992188
1
0.66992188
1
0.66992188
1
0.001953125
0.001953125
0.001953125
0.001953125
0.052734375
0.052734375
0.052734375
0.052734375
0.24414062
0.24414062
0.24414062
0.24414062
0.66992188
0.66992188
0.66992188
0.66992188
0
0.00024414062
0.001953125
0.00024414062
0
0.00024414062
0.001953125
0.0065917969
0.015625
0.0065917969
0.015625
0.0065917969
0
0.00024414062
0.001953125
0
0.00024414062
0.001953125
0.0065917969
0.015625
0.0065917969
0.015625
0
0.00024414062
0.001953125
0
0.00024414062
0.001953125
0.0065917969
0.015625
0.0065917969
0.015625
0
0.00024414062
0.001953125
0
0.00024414062
0.001953125
0.0065917969
0.015625
0.0065917969
0.015625
0.030517578
0.052734375
0.030517578
0.030517578
0.052734375
0.083740234
0.125
0.083740234
0.125
0.083740234
0.030517578
0.052734375
0.030517578
0.052734375
0.083740234
0.125
0.083740234
0.125
0.030517578
0.052734375
0.030517578
0.052734375
0.083740234
0.125
0.083740234
0.125
0.030517578
0.052734375
0.030517578
0.052734375
0.083740234
0.125
0.083740234
0.125
0.17797852
0.24414062
0.17797852
0.17797852
0.24414062
0.32495117
0.421875
0.32495117
0.421875
0.32495117
0.17797852
0.24414062
0.17797852
0.24414062
0.32495117
0.421875
0.32495117
0.421875
0.17797852
0.24414062
0.17797852
0.24414062
0.32495117
0.421875
0.32495117
0.421875
0.17797852
0.24414062
0.17797852
0.24414062
0.32495117
0.421875
0.32495117
0.421875
0.53637695
0.66992188
0.53637695
0.53637695
0.66992188
0.82397461
1
0.82397461
1
0.82397461
0.53637695
0.66992188
0.53637695
0.66992188
0.82397461
1
0.82397461
1
0.53637695
0.66992188
0.53637695
0.66992188
0.82397461
1
0.82397461
1
0.53637695
0.66992188
0.53637695
0.66992188
0.82397461
1
0.82397461
1
0.00024414062
0.00024414062
0.0065917969
0.0065917969
0.00024414062
0.00024414062
0.0065917969
0.0065917969
0.00024414062
0.00024414062
0.0065917969
0.0065917969
0.00024414062
0.00024414062
0.0065917969
0.0065917969
0.030517578
0.030517578
0.083740234
0.083740234
0.030517578
0.030517578
0.083740234
0.083740234
0.030517578
0.030517578
0.083740234
0.083740234
0.030517578
0.030517578
0.083740234
0.083740234
0.17797852
0.17797852
0.32495117
0.32495117
0.17797852
0.17797852
0.32495117
0.32495117
0.17797852
0.17797852
0.32495117
0.32495117
0.17797852
0.17797852
0.32495117
0.32495117
0.53637695
0.53637695
0.82397461
0.82397461
0.53637695
0.53637695
0.82397461
0.82397461
0.53637695
0.53637695
0.82397461
0.82397461
0.53637695
0.53637695
0.82397461
0.82397461
