MFEM mesh v1.0

#
# MFEM Geometry Types (see mesh/geom.hpp):
#
# POINT       = 0
# SEGMENT     = 1
# TRIANGLE    = 2
# SQUARE      = 3
# TETRAHEDRON = 4
# CUBE        = 5
# PRISM       = 6
# PYRAMID     = 7
#

dimension
3

elements
1536
1 5 0 300 1080 303 308 1081 1752 1084
1 5 300 54 301 1080 1081 309 1082 1752
1 5 1080 301 180 302 1752 1082 310 1083
1 5 303 1080 302 57 1084 1752 1083 311
1 5 308 1081 1752 1084 62 304 1085 307
1 5 1081 309 1082 1752 304 181 305 1085
1 5 1752 1082 310 1083 1085 305 276 306
1 5 1084 1752 1083 311 307 1085 306 184
1 5 54 312 1086 301 309 1087 1753 1082
1 5 312 12 313 1086 1087 318 1088 1753
1 5 1086 313 55 314 1753 1088 319 1089
1 5 301 1086 314 180 1082 1753 1089 310
1 5 309 1087 1753 1082 181 315 1090 305
1 5 1087 318 1088 1753 315 63 316 1090
1 5 1753 1088 319 1089 1090 316 182 317
1 5 1082 1753 1089 310 305 1090 317 276
1 5 180 314 1091 322 310 1089 1754 1094
1 5 314 55 320 1091 1089 319 1092 1754
1 5 1091 320 36 321 1754 1092 326 1093
1 5 322 1091 321 56 1094 1754 1093 327
1 5 310 1089 1754 1094 276 317 1095 325
1 5 1089 319 1092 1754 317 182 323 1095
1 5 1754 1092 326 1093 1095 323 64 324
1 5 1094 1754 1093 327 325 1095 324 183
1 5 57 302 1096 329 311 1083 1755 1098
1 5 302 180 322 1096 1083 310 1094 1755
1 5 1096 322 56 328 1755 1094 327 1097
1 5 329 1096 328 15 1098 1755 1097 332
1 5 311 1083 1755 1098 184 306 1099 331
1 5 1083 310 1094 1755 306 276 325 1099
1 5 1755 1094 327 1097 1099 325 183 330
1 5 1098 1755 1097 332 331 1099 330 65
1 5 62 304 1085 307 337 1100 1756 1103
1 5 304 181 305 1085 1100 338 1101 1756
1 5 1085 305 276 306 1756 1101 339 1102
1 5 307 1085 306 184 1103 1756 1102 340
1 5 337 1100 1756 1103 20 333 1104 336
1 5 1100 338 1101 1756 333 58 334 1104
1 5 1756 1101 339 1102 1104 334 185 335
1 5 1103 1756 1102 340 336 1104 335 61
1 5 181 315 1090 305 338 1105 1757 1101
1 5 315 63 316 1090 1105 344 1106 1757
1 5 1090 316 182 317 1757 1106 345 1107
1 5 305 1090 317 276 1101 1757 1107 339
1 5 338 1105 1757 1101 58 341 1108 334
1 5 1105 344 1106 1757 341 37 342 1108
1 5 1757 1106 345 1107 1108 342 59 343
1 5 1101 1757 1107 339 334 1108 343 185
1 5 276 317 1095 325 339 1107 1758 1111
1 5 317 182 323 1095 1107 345 1109 1758
1 5 1095 323 64 324 1758 1109 349 1110
1 5 325 1095 324 183 1111 1758 1110 350
1 5 339 1107 1758 1111 185 343 1112 348
1 5 1107 345 1109 1758 343 59 346 1112
1 5 1758 1109 349 1110 1112 346 51 347
1 5 1111 1758 1110 350 348 1112 347 60
1 5 184 306 1099 331 340 1102 1759 1114
1 5 306 276 325 1099 1102 339 1111 1759
1 5 1099 325 183 330 1759 1111 350 1113
1 5 331 1099 330 65 1114 1759 1113 353
1 5 340 1102 1759 1114 61 335 1115 352
1 5 1102 339 1111 1759 335 185 348 1115
1 5 1759 1111 350 1113 1115 348 60 351
1 5 1114 1759 1113 353 352 1115 351 40
1 5 12 354 1116 313 318 1117 1760 1088
1 5 354 66 355 1116 1117 360 1118 1760
1 5 1116 355 186 356 1760 1118 361 1119
1 5 313 1116 356 55 1088 1760 1119 319
1 5 318 1117 1760 1088 63 357 1120 316
1 5 1117 360 1118 1760 357 187 358 1120
1 5 1760 1118 361 1119 1120 358 277 359
1 5 1088 1760 1119 319 316 1120 359 182
1 5 66 362 1121 355 360 1122 1761 1118
1 5 362 1 363 1121 1122 368 1123 1761
1 5 1121 363 67 364 1761 1123 369 1124
1 5 355 1121 364 186 1118 1761 1124 361
1 5 360 1122 1761 1118 187 365 1125 358
1 5 1122 368 1123 1761 365 72 366 1125
1 5 1761 1123 369 1124 1125 366 188 367
1 5 1118 1761 1124 361 358 1125 367 277
1 5 186 364 1126 372 361 1124 1762 1129
1 5 364 67 370 1126 1124 369 1127 1762
1 5 1126 370 13 371 1762 1127 376 1128
1 5 372 1126 371 68 1129 1762 1128 377
1 5 361 1124 1762 1129 277 367 1130 375
1 5 1124 369 1127 1762 367 188 373 1130
1 5 1762 1127 376 1128 1130 373 73 374
1 5 1129 1762 1128 377 375 1130 374 189
1 5 55 356 1131 320 319 1119 1763 1092
1 5 356 186 372 1131 1119 361 1129 1763
1 5 1131 372 68 378 1763 1129 377 1132
1 5 320 1131 378 36 1092 1763 1132 326
1 5 319 1119 1763 1092 182 359 1133 323
1 5 1119 361 1129 1763 359 277 375 1133
1 5 1763 1129 377 1132 1133 375 189 379
1 5 1092 1763 1132 326 323 1133 379 64
1 5 63 357 1120 316 344 1134 1764 1106
1 5 357 187 358 1120 1134 383 1135 1764
1 5 1120 358 277 359 1764 1135 384 1136
1 5 316 1120 359 182 1106 1764 1136 345
1 5 344 1134 1764 1106 37 380 1137 342
1 5 1134 383 1135 1764 380 69 381 1137
1 5 1764 1135 384 1136 1137 381 190 382
1 5 1106 1764 1136 345 342 1137 382 59
1 5 187 365 1125 358 383 1138 1765 1135
1 5 365 72 366 1125 1138 388 1139 1765
1 5 1125 366 188 367 1765 1139 389 1140
1 5 358 1125 367 277 1135 1765 1140 384
1 5 383 1138 1765 1135 69 385 1141 381
1 5 1138 388 1139 1765 385 21 386 1141
1 5 1765 1139 389 1140 1141 386 70 387
1 5 1135 1765 1140 384 381 1141 387 190
1 5 277 367 1130 375 384 1140 1766 1144
1 5 367 188 373 1130 1140 389 1142 1766
1 5 1130 373 73 374 1766 1142 393 1143
1 5 375 1130 374 189 1144 1766 1143 394
1 5 384 1140 1766 1144 190 387 1145 392
1 5 1140 389 1142 1766 387 70 390 1145
1 5 1766 1142 393 1143 1145 390 38 391
1 5 1144 1766 1143 394 392 1145 391 71
1 5 182 359 1133 323 345 1136 1767 1109
1 5 359 277 375 1133 1136 384 1144 1767
1 5 1133 375 189 379 1767 1144 394 1146
1 5 323 1133 379 64 1109 1767 1146 349
1 5 345 1136 1767 1109 59 382 1147 346
1 5 1136 384 1144 1767 382 190 392 1147
1 5 1767 1144 394 1146 1147 392 71 395
1 5 1109 1767 1146 349 346 1147 395 51
1 5 36 378 1148 398 326 1132 1768 1151
1 5 378 68 396 1148 1132 377 1149 1768
1 5 1148 396 191 397 1768 1149 402 1150
1 5 398 1148 397 76 1151 1768 1150 403
1 5 326 1132 1768 1151 64 379 1152 401
1 5 1132 377 1149 1768 379 189 399 1152
1 5 1768 1149 402 1150 1152 399 278 400
1 5 1151 1768 1150 403 401 1152 400 194
1 5 68 371 1153 396 377 1128 1769 1149
1 5 371 13 404 1153 1128 376 1154 1769
1 5 1153 404 74 405 1769 1154 408 1155
1 5 396 1153 405 191 1149 1769 1155 402
1 5 377 1128 1769 1149 189 374 1156 399
1 5 1128 376 1154 1769 374 73 406 1156
1 5 1769 1154 408 1155 1156 406 192 407
1 5 1149 1769 1155 402 399 1156 407 278
1 5 191 405 1157 411 402 1155 1770 1160
1 5 405 74 409 1157 1155 408 1158 1770
1 5 1157 409 2 410 1770 1158 415 1159
1 5 411 1157 410 75 1160 1770 1159 416
1 5 402 1155 1770 1160 278 407 1161 414
1 5 1155 408 1158 1770 407 192 412 1161
1 5 1770 1158 415 1159 1161 412 80 413
1 5 1160 1770 1159 416 414 1161 413 193
1 5 76 397 1162 418 403 1150 1771 1164
1 5 397 191 411 1162 1150 402 1160 1771
1 5 1162 411 75 417 1771 1160 416 1163
1 5 418 1162 417 14 1164 1771 1163 421
1 5 403 1150 1771 1164 194 400 1165 420
1 5 1150 402 1160 1771 400 278 414 1165
1 5 1771 1160 416 1163 1165 414 193 419
1 5 1164 1771 1163 421 420 1165 419 81
1 5 64 379 1152 401 349 1146 1772 1168
1 5 379 189 399 1152 1146 394 1166 1772
1 5 1152 399 278 400 1772 1166 425 1167
1 5 401 1152 400 194 1168 1772 1167 426
1 5 349 1146 1772 1168 51 395 1169 424
1 5 1146 394 1166 1772 395 71 422 1169
1 5 1772 1166 425 1167 1169 422 195 423
1 5 1168 1772 1167 426 424 1169 423 79
1 5 189 374 1156 399 394 1143 1773 1166
1 5 374 73 406 1156 1143 393 1170 1773
1 5 1156 406 192 407 1773 1170 429 1171
1 5 399 1156 407 278 1166 1773 1171 425
1 5 394 1143 1773 1166 71 391 1172 422
1 5 1143 393 1170 1773 391 38 427 1172
1 5 1773 1170 429 1171 1172 427 77 428
1 5 1166 1773 1171 425 422 1172 428 195
1 5 278 407 1161 414 425 1171 1774 1175
1 5 407 192 412 1161 1171 429 1173 1774
1 5 1161 412 80 413 1774 1173 433 1174
1 5 414 1161 413 193 1175 1774 1174 434
1 5 425 1171 1774 1175 195 428 1176 432
1 5 1171 429 1173 1774 428 77 430 1176
1 5 1774 1173 433 1174 1176 430 22 431
1 5 1175 1774 1174 434 432 1176 431 78
1 5 194 400 1165 420 426 1167 1775 1178
1 5 400 278 414 1165 1167 425 1175 1775
1 5 1165 414 193 419 1775 1175 434 1177
1 5 420 1165 419 81 1178 1775 1177 437
1 5 426 1167 1775 1178 79 423 1179 436
1 5 1167 425 1175 1775 423 195 432 1179
1 5 1775 1175 434 1177 1179 432 78 435
1 5 1178 1775 1177 437 436 1179 435 39
1 5 15 328 1180 440 332 1097 1776 1183
1 5 328 56 438 1180 1097 327 1181 1776
1 5 1180 438 196 439 1776 1181 444 1182
1 5 440 1180 439 83 1183 1776 1182 445
1 5 332 1097 1776 1183 65 330 1184 443
1 5 1097 327 1181 1776 330 183 441 1184
1 5 1776 1181 444 1182 1184 441 279 442
1 5 1183 1776 1182 445 443 1184 442 198
1 5 56 321 1185 438 327 1093 1777 1181
1 5 321 36 398 1185 1093 326 1151 1777
1 5 1185 398 76 446 1777 1151 403 1186
1 5 438 1185 446 196 1181 1777 1186 444
1 5 327 1093 1777 1181 183 324 1187 441
1 5 1093 326 1151 1777 324 64 401 1187
1 5 1777 1151 403 1186 1187 401 194 447
1 5 1181 1777 1186 444 441 1187 447 279
1 5 196 446 1188 449 444 1186 1778 1190
1 5 446 76 418 1188 1186 403 1164 1778
1 5 1188 418 14 448 1778 1164 421 1189
1 5 449 1188 448 82 1190 1778 1189 452
1 5 444 1186 1778 1190 279 447 1191 451
1 5 1186 403 1164 1778 447 194 420 1191
1 5 1778 1164 421 1189 1191 420 81 450
1 5 1190 1778 1189 452 451 1191 450 197
1 5 83 439 1192 454 445 1182 1779 1194
1 5 439 196 449 1192 1182 444 1190 1779
1 5 1192 449 82 453 1779 1190 452 1193
1 5 454 1192 453 3 1194 1779 1193 457
1 5 445 1182 1779 1194 198 442 1195 456
1 5 1182 444 1190 1779 442 279 451 1195
1 5 1779 1190 452 1193 1195 451 197 455
1 5 1194 1779 1193 457 456 1195 455 86
1 5 65 330 1184 443 353 1113 1780 1198
1 5 330 183 441 1184 1113 350 1196 1780
1 5 1184 441 279 442 1780 1196 461 1197
1 5 443 1184 442 198 1198 1780 1197 462
1 5 353 1113 1780 1198 40 351 1199 460
1 5 1113 350 1196 1780 351 60 458 1199
1 5 1780 1196 461 1197 1199 458 199 459
1 5 1198 1780 1197 462 460 1199 459 85
1 5 183 324 1187 441 350 1110 1781 1196
1 5 324 64 401 1187 1110 349 1168 1781
1 5 1187 401 194 447 1781 1168 426 1200
1 5 441 1187 447 279 1196 1781 1200 461
1 5 350 1110 1781 1196 60 347 1201 458
1 5 1110 349 1168 1781 347 51 424 1201
1 5 1781 1168 426 1200 1201 424 79 463
1 5 1196 1781 1200 461 458 1201 463 199
1 5 279 447 1191 451 461 1200 1782 1203
1 5 447 194 420 1191 1200 426 1178 1782
1 5 1191 420 81 450 1782 1178 437 1202
1 5 451 1191 450 197 1203 1782 1202 466
1 5 461 1200 1782 1203 199 463 1204 465
1 5 1200 426 1178 1782 463 79 436 1204
1 5 1782 1178 437 1202 1204 436 39 464
1 5 1203 1782 1202 466 465 1204 464 84
1 5 198 442 1195 456 462 1197 1783 1206
1 5 442 279 451 1195 1197 461 1203 1783
1 5 1195 451 197 455 1783 1203 466 1205
1 5 456 1195 455 86 1206 1783 1205 469
1 5 462 1197 1783 1206 85 459 1207 468
1 5 1197 461 1203 1783 459 199 465 1207
1 5 1783 1203 466 1205 1207 465 84 467
1 5 1206 1783 1205 469 468 1207 467 23
1 5 20 333 1104 336 474 1208 1784 1211
1 5 333 58 334 1104 1208 475 1209 1784
1 5 1104 334 185 335 1784 1209 476 1210
1 5 336 1104 335 61 1211 1784 1210 477
1 5 474 1208 1784 1211 91 470 1212 473
1 5 1208 475 1209 1784 470 200 471 1212
1 5 1784 1209 476 1210 1212 471 280 472
1 5 1211 1784 1210 477 473 1212 472 203
1 5 58 341 1108 334 475 1213 1785 1209
1 5 341 37 342 1108 1213 481 1214 1785
1 5 1108 342 59 343 1785 1214 482 1215
1 5 334 1108 343 185 1209 1785 1215 476
1 5 475 1213 1785 1209 200 478 1216 471
1 5 1213 481 1214 1785 478 92 479 1216
1 5 1785 1214 482 1215 1216 479 201 480
1 5 1209 1785 1215 476 471 1216 480 280
1 5 185 343 1112 348 476 1215 1786 1219
1 5 343 59 346 1112 1215 482 1217 1786
1 5 1112 346 51 347 1786 1217 486 1218
1 5 348 1112 347 60 1219 1786 1218 487
1 5 476 1215 1786 1219 280 480 1220 485
1 5 1215 482 1217 1786 480 201 483 1220
1 5 1786 1217 486 1218 1220 483 93 484
1 5 1219 1786 1218 487 485 1220 484 202
1 5 61 335 1115 352 477 1210 1787 1222
1 5 335 185 348 1115 1210 476 1219 1787
1 5 1115 348 60 351 1787 1219 487 1221
1 5 352 1115 351 40 1222 1787 1221 490
1 5 477 1210 1787 1222 203 472 1223 489
1 5 1210 476 1219 1787 472 280 485 1223
1 5 1787 1219 487 1221 1223 485 202 488
1 5 1222 1787 1221 490 489 1223 488 94
1 5 91 470 1212 473 495 1224 1788 1227
1 5 470 200 471 1212 1224 496 1225 1788
1 5 1212 471 280 472 1788 1225 497 1226
1 5 473 1212 472 203 1227 1788 1226 498
1 5 495 1224 1788 1227 4 491 1228 494
1 5 1224 496 1225 1788 491 87 492 1228
1 5 1788 1225 497 1226 1228 492 204 493
1 5 1227 1788 1226 498 494 1228 493 90
1 5 200 478 1216 471 496 1229 1789 1225
1 5 478 92 479 1216 1229 502 1230 1789
1 5 1216 479 201 480 1789 1230 503 1231
1 5 471 1216 480 280 1225 1789 1231 497
1 5 496 1229 1789 1225 87 499 1232 492
1 5 1229 502 1230 1789 499 16 500 1232
1 5 1789 1230 503 1231 1232 500 88 501
1 5 1225 1789 1231 497 492 1232 501 204
1 5 280 480 1220 485 497 1231 1790 1235
1 5 480 201 483 1220 1231 503 1233 1790
1 5 1220 483 93 484 1790 1233 507 1234
1 5 485 1220 484 202 1235 1790 1234 508
1 5 497 1231 1790 1235 204 501 1236 506
1 5 1231 503 1233 1790 501 88 504 1236
1 5 1790 1233 507 1234 1236 504 41 505
1 5 1235 1790 1234 508 506 1236 505 89
1 5 203 472 1223 489 498 1226 1791 1238
1 5 472 280 485 1223 1226 497 1235 1791
1 5 1223 485 202 488 1791 1235 508 1237
1 5 489 1223 488 94 1238 1791 1237 511
1 5 498 1226 1791 1238 90 493 1239 510
1 5 1226 497 1235 1791 493 204 506 1239
1 5 1791 1235 508 1237 1239 506 89 509
1 5 1238 1791 1237 511 510 1239 509 19
1 5 37 380 1137 342 481 1240 1792 1214
1 5 380 69 381 1137 1240 515 1241 1792
1 5 1137 381 190 382 1792 1241 516 1242
1 5 342 1137 382 59 1214 1792 1242 482
1 5 481 1240 1792 1214 92 512 1243 479
1 5 1240 515 1241 1792 512 205 513 1243
1 5 1792 1241 516 1242 1243 513 281 514
1 5 1214 1792 1242 482 479 1243 514 201
1 5 69 385 1141 381 515 1244 1793 1241
1 5 385 21 386 1141 1244 520 1245 1793
1 5 1141 386 70 387 1793 1245 521 1246
1 5 381 1141 387 190 1241 1793 1246 516
1 5 515 1244 1793 1241 205 517 1247 513
1 5 1244 520 1245 1793 517 98 518 1247
1 5 1793 1245 521 1246 1247 518 206 519
1 5 1241 1793 1246 516 513 1247 519 281
1 5 190 387 1145 392 516 1246 1794 1250
1 5 387 70 390 1145 1246 521 1248 1794
1 5 1145 390 38 391 1794 1248 525 1249
1 5 392 1145 391 71 1250 1794 1249 526
1 5 516 1246 1794 1250 281 519 1251 524
1 5 1246 521 1248 1794 519 206 522 1251
1 5 1794 1248 525 1249 1251 522 99 523
1 5 1250 1794 1249 526 524 1251 523 207
1 5 59 382 1147 346 482 1242 1795 1217
1 5 382 190 392 1147 1242 516 1250 1795
1 5 1147 392 71 395 1795 1250 526 1252
1 5 346 1147 395 51 1217 1795 1252 486
1 5 482 1242 1795 1217 201 514 1253 483
1 5 1242 516 1250 1795 514 281 524 1253
1 5 1795 1250 526 1252 1253 524 207 527
1 5 1217 1795 1252 486 483 1253 527 93
1 5 92 512 1243 479 502 1254 1796 1230
1 5 512 205 513 1243 1254 531 1255 1796
1 5 1243 513 281 514 1796 1255 532 1256
1 5 479 1243 514 201 1230 1796 1256 503
1 5 502 1254 1796 1230 16 528 1257 500
1 5 1254 531 1255 1796 528 95 529 1257
1 5 1796 1255 532 1256 1257 529 208 530
1 5 1230 1796 1256 503 500 1257 530 88
1 5 205 517 1247 513 531 1258 1797 1255
1 5 517 98 518 1247 1258 536 1259 1797
1 5 1247 518 206 519 1797 1259 537 1260
1 5 513 1247 519 281 1255 1797 1260 532
1 5 531 1258 1797 1255 95 533 1261 529
1 5 1258 536 1259 1797 533 5 534 1261
1 5 1797 1259 537 1260 1261 534 96 535
1 5 1255 1797 1260 532 529 1261 535 208
1 5 281 519 1251 524 532 1260 1798 1264
1 5 519 206 522 1251 1260 537 1262 1798
1 5 1251 522 99 523 1798 1262 541 1263
1 5 524 1251 523 207 1264 1798 1263 542
1 5 532 1260 1798 1264 208 535 1265 540
1 5 1260 537 1262 1798 535 96 538 1265
1 5 1798 1262 541 1263 1265 538 17 539
1 5 1264 1798 1263 542 540 1265 539 97
1 5 201 514 1253 483 503 1256 1799 1233
1 5 514 281 524 1253 1256 532 1264 1799
1 5 1253 524 207 527 1799 1264 542 1266
1 5 483 1253 527 93 1233 1799 1266 507
1 5 503 1256 1799 1233 88 530 1267 504
1 5 1256 532 1264 1799 530 208 540 1267
1 5 1799 1264 542 1266 1267 540 97 543
1 5 1233 1799 1266 507 504 1267 543 41
1 5 51 395 1169 424 486 1252 1800 1270
1 5 395 71 422 1169 1252 526 1268 1800
1 5 1169 422 195 423 1800 1268 547 1269
1 5 424 1169 423 79 1270 1800 1269 548
1 5 486 1252 1800 1270 93 527 1271 546
1 5 1252 526 1268 1800 527 207 544 1271
1 5 1800 1268 547 1269 1271 544 282 545
1 5 1270 1800 1269 548 546 1271 545 211
1 5 71 391 1172 422 526 1249 1801 1268
1 5 391 38 427 1172 1249 525 1272 1801
1 5 1172 427 77 428 1801 1272 551 1273
1 5 422 1172 428 195 1268 1801 1273 547
1 5 526 1249 1801 1268 207 523 1274 544
1 5 1249 525 1272 1801 523 99 549 1274
1 5 1801 1272 551 1273 1274 549 209 550
1 5 1268 1801 1273 547 544 1274 550 282
1 5 195 428 1176 432 547 1273 1802 1277
1 5 428 77 430 1176 1273 551 1275 1802
1 5 1176 430 22 431 1802 1275 555 1276
1 5 432 1176 431 78 1277 1802 1276 556
1 5 547 1273 1802 1277 282 550 1278 554
1 5 1273 551 1275 1802 550 209 552 1278
1 5 1802 1275 555 1276 1278 552 103 553
1 5 1277 1802 1276 556 554 1278 553 210
1 5 79 423 1179 436 548 1269 1803 1280
1 5 423 195 432 1179 1269 547 1277 1803
1 5 1179 432 78 435 1803 1277 556 1279
1 5 436 1179 435 39 1280 1803 1279 559
1 5 548 1269 1803 1280 211 545 1281 558
1 5 1269 547 1277 1803 545 282 554 1281
1 5 1803 1277 556 1279 1281 554 210 557
1 5 1280 1803 1279 559 558 1281 557 104
1 5 93 527 1271 546 507 1266 1804 1284
1 5 527 207 544 1271 1266 542 1282 1804
1 5 1271 544 282 545 1804 1282 563 1283
1 5 546 1271 545 211 1284 1804 1283 564
1 5 507 1266 1804 1284 41 543 1285 562
1 5 1266 542 1282 1804 543 97 560 1285
1 5 1804 1282 563 1283 1285 560 212 561
1 5 1284 1804 1283 564 562 1285 561 102
1 5 207 523 1274 544 542 1263 1805 1282
1 5 523 99 549 1274 1263 541 1286 1805
1 5 1274 549 209 550 1805 1286 567 1287
1 5 544 1274 550 282 1282 1805 1287 563
1 5 542 1263 1805 1282 97 539 1288 560
1 5 1263 541 1286 1805 539 17 565 1288
1 5 1805 1286 567 1287 1288 565 100 566
1 5 1282 1805 1287 563 560 1288 566 212
1 5 282 550 1278 554 563 1287 1806 1291
1 5 550 209 552 1278 1287 567 1289 1806
1 5 1278 552 103 553 1806 1289 571 1290
1 5 554 1278 553 210 1291 1806 1290 572
1 5 563 1287 1806 1291 212 566 1292 570
1 5 1287 567 1289 1806 566 100 568 1292
1 5 1806 1289 571 1290 1292 568 6 569
1 5 1291 1806 1290 572 570 1292 569 101
1 5 211 545 1281 558 564 1283 1807 1294
1 5 545 282 554 1281 1283 563 1291 1807
1 5 1281 554 210 557 1807 1291 572 1293
1 5 558 1281 557 104 1294 1807 1293 575
1 5 564 1283 1807 1294 102 561 1295 574
1 5 1283 563 1291 1807 561 212 570 1295
1 5 1807 1291 572 1293 1295 570 101 573
1 5 1294 1807 1293 575 574 1295 573 18
1 5 40 351 1199 460 490 1221 1808 1298
1 5 351 60 458 1199 1221 487 1296 1808
1 5 1199 458 199 459 1808 1296 579 1297
1 5 460 1199 459 85 1298 1808 1297 580
1 5 490 1221 1808 1298 94 488 1299 578
1 5 1221 487 1296 1808 488 202 576 1299
1 5 1808 1296 579 1297 1299 576 283 577
1 5 1298 1808 1297 580 578 1299 577 214
1 5 60 347 1201 458 487 1218 1809 1296
1 5 347 51 424 1201 1218 486 1270 1809
1 5 1201 424 79 463 1809 1270 548 1300
1 5 458 1201 463 199 1296 1809 1300 579
1 5 487 1218 1809 1296 202 484 1301 576
1 5 1218 486 1270 1809 484 93 546 1301
1 5 1809 1270 548 1300 1301 546 211 581
1 5 1296 1809 1300 579 576 1301 581 283
1 5 199 463 1204 465 579 1300 1810 1303
1 5 463 79 436 1204 1300 548 1280 1810
1 5 1204 436 39 464 1810 1280 559 1302
1 5 465 1204 464 84 1303 1810 1302 584
1 5 579 1300 1810 1303 283 581 1304 583
1 5 1300 548 1280 1810 581 211 558 1304
1 5 1810 1280 559 1302 1304 558 104 582
1 5 1303 1810 1302 584 583 1304 582 213
1 5 85 459 1207 468 580 1297 1811 1306
1 5 459 199 465 1207 1297 579 1303 1811
1 5 1207 465 84 467 1811 1303 584 1305
1 5 468 1207 467 23 1306 1811 1305 587
1 5 580 1297 1811 1306 214 577 1307 586
1 5 1297 579 1303 1811 577 283 583 1307
1 5 1811 1303 584 1305 1307 583 213 585
1 5 1306 1811 1305 587 586 1307 585 107
1 5 94 488 1299 578 511 1237 1812 1310
1 5 488 202 576 1299 1237 508 1308 1812
1 5 1299 576 283 577 1812 1308 591 1309
1 5 578 1299 577 214 1310 1812 1309 592
1 5 511 1237 1812 1310 19 509 1311 590
1 5 1237 508 1308 1812 509 89 588 1311
1 5 1812 1308 591 1309 1311 588 215 589
1 5 1310 1812 1309 592 590 1311 589 106
1 5 202 484 1301 576 508 1234 1813 1308
1 5 484 93 546 1301 1234 507 1284 1813
1 5 1301 546 211 581 1813 1284 564 1312
1 5 576 1301 581 283 1308 1813 1312 591
1 5 508 1234 1813 1308 89 505 1313 588
1 5 1234 507 1284 1813 505 41 562 1313
1 5 1813 1284 564 1312 1313 562 102 593
1 5 1308 1813 1312 591 588 1313 593 215
1 5 283 581 1304 583 591 1312 1814 1315
1 5 581 211 558 1304 1312 564 1294 1814
1 5 1304 558 104 582 1814 1294 575 1314
1 5 583 1304 582 213 1315 1814 1314 596
1 5 591 1312 1814 1315 215 593 1316 595
1 5 1312 564 1294 1814 593 102 574 1316
1 5 1814 1294 575 1314 1316 574 18 594
1 5 1315 1814 1314 596 595 1316 594 105
1 5 214 577 1307 586 592 1309 1815 1318
1 5 577 283 583 1307 1309 591 1315 1815
1 5 1307 583 213 585 1815 1315 596 1317
1 5 586 1307 585 107 1318 1815 1317 599
1 5 592 1309 1815 1318 106 589 1319 598
1 5 1309 591 1315 1815 589 215 595 1319
1 5 1815 1315 596 1317 1319 595 105 597
1 5 1318 1815 1317 599 598 1319 597 7
1 5 4 491 1228 494 604 1320 1816 1323
1 5 491 87 492 1228 1320 605 1321 1816
1 5 1228 492 204 493 1816 1321 606 1322
1 5 494 1228 493 90 1323 1816 1322 607
1 5 604 1320 1816 1323 112 600 1324 603
1 5 1320 605 1321 1816 600 216 601 1324
1 5 1816 1321 606 1322 1324 601 284 602
1 5 1323 1816 1322 607 603 1324 602 219
1 5 87 499 1232 492 605 1325 1817 1321
1 5 499 16 500 1232 1325 611 1326 1817
1 5 1232 500 88 501 1817 1326 612 1327
1 5 492 1232 501 204 1321 1817 1327 606
1 5 605 1325 1817 1321 216 608 1328 601
1 5 1325 611 1326 1817 608 113 609 1328
1 5 1817 1326 612 1327 1328 609 217 610
1 5 1321 1817 1327 606 601 1328 610 284
1 5 204 501 1236 506 606 1327 1818 1331
1 5 501 88 504 1236 1327 612 1329 1818
1 5 1236 504 41 505 1818 1329 616 1330
1 5 506 1236 505 89 1331 1818 1330 617
1 5 606 1327 1818 1331 284 610 1332 615
1 5 1327 612 1329 1818 610 217 613 1332
1 5 1818 1329 616 1330 1332 613 114 614
1 5 1331 1818 1330 617 615 1332 614 218
1 5 90 493 1239 510 607 1322 1819 1334
1 5 493 204 506 1239 1322 606 1331 1819
1 5 1239 506 89 509 1819 1331 617 1333
1 5 510 1239 509 19 1334 1819 1333 620
1 5 607 1322 1819 1334 219 602 1335 619
1 5 1322 606 1331 1819 602 284 615 1335
1 5 1819 1331 617 1333 1335 615 218 618
1 5 1334 1819 1333 620 619 1335 618 115
1 5 112 600 1324 603 625 1336 1820 1339
1 5 600 216 601 1324 1336 626 1337 1820
1 5 1324 601 284 602 1820 1337 627 1338
1 5 603 1324 602 219 1339 1820 1338 628
1 5 625 1336 1820 1339 28 621 1340 624
1 5 1336 626 1337 1820 621 108 622 1340
1 5 1820 1337 627 1338 1340 622 220 623
1 5 1339 1820 1338 628 624 1340 623 111
1 5 216 608 1328 601 626 1341 1821 1337
1 5 608 113 609 1328 1341 632 1342 1821
1 5 1328 609 217 610 1821 1342 633 1343
1 5 601 1328 610 284 1337 1821 1343 627
1 5 626 1341 1821 1337 108 629 1344 622
1 5 1341 632 1342 1821 629 42 630 1344
1 5 1821 1342 633 1343 1344 630 109 631
1 5 1337 1821 1343 627 622 1344 631 220
1 5 284 610 1332 615 627 1343 1822 1347
1 5 610 217 613 1332 1343 633 1345 1822
1 5 1332 613 114 614 1822 1345 637 1346
1 5 615 1332 614 218 1347 1822 1346 638
1 5 627 1343 1822 1347 220 631 1348 636
1 5 1343 633 1345 1822 631 109 634 1348
1 5 1822 1345 637 1346 1348 634 52 635
1 5 1347 1822 1346 638 636 1348 635 110
1 5 219 602 1335 619 628 1338 1823 1350
1 5 602 284 615 1335 1338 627 1347 1823
1 5 1335 615 218 618 1823 1347 638 1349
1 5 619 1335 618 115 1350 1823 1349 641
1 5 628 1338 1823 1350 111 623 1351 640
1 5 1338 627 1347 1823 623 220 636 1351
1 5 1823 1347 638 1349 1351 636 110 639
1 5 1350 1823 1349 641 640 1351 639 45
1 5 16 528 1257 500 611 1352 1824 1326
1 5 528 95 529 1257 1352 645 1353 1824
1 5 1257 529 208 530 1824 1353 646 1354
1 5 500 1257 530 88 1326 1824 1354 612
1 5 611 1352 1824 1326 113 642 1355 609
1 5 1352 645 1353 1824 642 221 643 1355
1 5 1824 1353 646 1354 1355 643 285 644
1 5 1326 1824 1354 612 609 1355 644 217
1 5 95 533 1261 529 645 1356 1825 1353
1 5 533 5 534 1261 1356 650 1357 1825
1 5 1261 534 96 535 1825 1357 651 1358
1 5 529 1261 535 208 1353 1825 1358 646
1 5 645 1356 1825 1353 221 647 1359 643
1 5 1356 650 1357 1825 647 119 648 1359
1 5 1825 1357 651 1358 1359 648 222 649
1 5 1353 1825 1358 646 643 1359 649 285
1 5 208 535 1265 540 646 1358 1826 1362
1 5 535 96 538 1265 1358 651 1360 1826
1 5 1265 538 17 539 1826 1360 655 1361
1 5 540 1265 539 97 1362 1826 1361 656
1 5 646 1358 1826 1362 285 649 1363 654
1 5 1358 651 1360 1826 649 222 652 1363
1 5 1826 1360 655 1361 1363 652 120 653
1 5 1362 1826 1361 656 654 1363 653 223
1 5 88 530 1267 504 612 1354 1827 1329
1 5 530 208 540 1267 1354 646 1362 1827
1 5 1267 540 97 543 1827 1362 656 1364
1 5 504 1267 543 41 1329 1827 1364 616
1 5 612 1354 1827 1329 217 644 1365 613
1 5 1354 646 1362 1827 644 285 654 1365
1 5 1827 1362 656 1364 1365 654 223 657
1 5 1329 1827 1364 616 613 1365 657 114
1 5 113 642 1355 609 632 1366 1828 1342
1 5 642 221 643 1355 1366 661 1367 1828
1 5 1355 643 285 644 1828 1367 662 1368
1 5 609 1355 644 217 1342 1828 1368 633
1 5 632 1366 1828 1342 42 658 1369 630
1 5 1366 661 1367 1828 658 116 659 1369
1 5 1828 1367 662 1368 1369 659 224 660
1 5 1342 1828 1368 633 630 1369 660 109
1 5 221 647 1359 643 661 1370 1829 1367
1 5 647 119 648 1359 1370 666 1371 1829
1 5 1359 648 222 649 1829 1371 667 1372
1 5 643 1359 649 285 1367 1829 1372 662
1 5 661 1370 1829 1367 116 663 1373 659
1 5 1370 666 1371 1829 663 29 664 1373
1 5 1829 1371 667 1372 1373 664 117 665
1 5 1367 1829 1372 662 659 1373 665 224
1 5 285 649 1363 654 662 1372 1830 1376
1 5 649 222 652 1363 1372 667 1374 1830
1 5 1363 652 120 653 1830 1374 671 1375
1 5 654 1363 653 223 1376 1830 1375 672
1 5 662 1372 1830 1376 224 665 1377 670
1 5 1372 667 1374 1830 665 117 668 1377
1 5 1830 1374 671 1375 1377 668 43 669
1 5 1376 1830 1375 672 670 1377 669 118
1 5 217 644 1365 613 633 1368 1831 1345
1 5 644 285 654 1365 1368 662 1376 1831
1 5 1365 654 223 657 1831 1376 672 1378
1 5 613 1365 657 114 1345 1831 1378 637
1 5 633 1368 1831 1345 109 660 1379 634
1 5 1368 662 1376 1831 660 224 670 1379
1 5 1831 1376 672 1378 1379 670 118 673
1 5 1345 1831 1378 637 634 1379 673 52
1 5 41 543 1285 562 616 1364 1832 1382
1 5 543 97 560 1285 1364 656 1380 1832
1 5 1285 560 212 561 1832 1380 677 1381
1 5 562 1285 561 102 1382 1832 1381 678
1 5 616 1364 1832 1382 114 657 1383 676
1 5 1364 656 1380 1832 657 223 674 1383
1 5 1832 1380 677 1381 1383 674 286 675
1 5 1382 1832 1381 678 676 1383 675 227
1 5 97 539 1288 560 656 1361 1833 1380
1 5 539 17 565 1288 1361 655 1384 1833
1 5 1288 565 100 566 1833 1384 681 1385
1 5 560 1288 566 212 1380 1833 1385 677
1 5 656 1361 1833 1380 223 653 1386 674
1 5 1361 655 1384 1833 653 120 679 1386
1 5 1833 1384 681 1385 1386 679 225 680
1 5 1380 1833 1385 677 674 1386 680 286
1 5 212 566 1292 570 677 1385 1834 1389
1 5 566 100 568 1292 1385 681 1387 1834
1 5 1292 568 6 569 1834 1387 685 1388
1 5 570 1292 569 101 1389 1834 1388 686
1 5 677 1385 1834 1389 286 680 1390 684
1 5 1385 681 1387 1834 680 225 682 1390
1 5 1834 1387 685 1388 1390 682 124 683
1 5 1389 1834 1388 686 684 1390 683 226
1 5 102 561 1295 574 678 1381 1835 1392
1 5 561 212 570 1295 1381 677 1389 1835
1 5 1295 570 101 573 1835 1389 686 1391
1 5 574 1295 573 18 1392 1835 1391 689
1 5 678 1381 1835 1392 227 675 1393 688
1 5 1381 677 1389 1835 675 286 684 1393
1 5 1835 1389 686 1391 1393 684 226 687
1 5 1392 1835 1391 689 688 1393 687 125
1 5 114 657 1383 676 637 1378 1836 1396
1 5 657 223 674 1383 1378 672 1394 1836
1 5 1383 674 286 675 1836 1394 693 1395
1 5 676 1383 675 227 1396 1836 1395 694
1 5 637 1378 1836 1396 52 673 1397 692
1 5 1378 672 1394 1836 673 118 690 1397
1 5 1836 1394 693 1395 1397 690 228 691
1 5 1396 1836 1395 694 692 1397 691 123
1 5 223 653 1386 674 672 1375 1837 1394
1 5 653 120 679 1386 1375 671 1398 1837
1 5 1386 679 225 680 1837 1398 697 1399
1 5 674 1386 680 286 1394 1837 1399 693
1 5 672 1375 1837 1394 118 669 1400 690
1 5 1375 671 1398 1837 669 43 695 1400
1 5 1837 1398 697 1399 1400 695 121 696
1 5 1394 1837 1399 693 690 1400 696 228
1 5 286 680 1390 684 693 1399 1838 1403
1 5 680 225 682 1390 1399 697 1401 1838
1 5 1390 682 124 683 1838 1401 701 1402
1 5 684 1390 683 226 1403 1838 1402 702
1 5 693 1399 1838 1403 228 696 1404 700
1 5 1399 697 1401 1838 696 121 698 1404
1 5 1838 1401 701 1402 1404 698 30 699
1 5 1403 1838 1402 702 700 1404 699 122
1 5 227 675 1393 688 694 1395 1839 1406
1 5 675 286 684 1393 1395 693 1403 1839
1 5 1393 684 226 687 1839 1403 702 1405
1 5 688 1393 687 125 1406 1839 1405 705
1 5 694 1395 1839 1406 123 691 1407 704
1 5 1395 693 1403 1839 691 228 700 1407
1 5 1839 1403 702 1405 1407 700 122 703
1 5 1406 1839 1405 705 704 1407 703 44
1 5 19 509 1311 590 620 1333 1840 1410
1 5 509 89 588 1311 1333 617 1408 1840
1 5 1311 588 215 589 1840 1408 709 1409
1 5 590 1311 589 106 1410 1840 1409 710
1 5 620 1333 1840 1410 115 618 1411 708
1 5 1333 617 1408 1840 618 218 706 1411
1 5 1840 1408 709 1409 1411 706 287 707
1 5 1410 1840 1409 710 708 1411 707 230
1 5 89 505 1313 588 617 1330 1841 1408
1 5 505 41 562 1313 1330 616 1382 1841
1 5 1313 562 102 593 1841 1382 678 1412
1 5 588 1313 593 215 1408 1841 1412 709
1 5 617 1330 1841 1408 218 614 1413 706
1 5 1330 616 1382 1841 614 114 676 1413
1 5 1841 1382 678 1412 1413 676 227 711
1 5 1408 1841 1412 709 706 1413 711 287
1 5 215 593 1316 595 709 1412 1842 1415
1 5 593 102 574 1316 1412 678 1392 1842
1 5 1316 574 18 594 1842 1392 689 1414
1 5 595 1316 594 105 1415 1842 1414 714
1 5 709 1412 1842 1415 287 711 1416 713
1 5 1412 678 1392 1842 711 227 688 1416
1 5 1842 1392 689 1414 1416 688 125 712
1 5 1415 1842 1414 714 713 1416 712 229
1 5 106 589 1319 598 710 1409 1843 1418
1 5 589 215 595 1319 1409 709 1415 1843
1 5 1319 595 105 597 1843 1415 714 1417
1 5 598 1319 597 7 1418 1843 1417 717
1 5 710 1409 1843 1418 230 707 1419 716
1 5 1409 709 1415 1843 707 287 713 1419
1 5 1843 1415 714 1417 1419 713 229 715
1 5 1418 1843 1417 717 716 1419 715 128
1 5 115 618 1411 708 641 1349 1844 1422
1 5 618 218 706 1411 1349 638 1420 1844
1 5 1411 706 287 707 1844 1420 721 1421
1 5 708 1411 707 230 1422 1844 1421 722
1 5 641 1349 1844 1422 45 639 1423 720
1 5 1349 638 1420 1844 639 110 718 1423
1 5 1844 1420 721 1421 1423 718 231 719
1 5 1422 1844 1421 722 720 1423 719 127
1 5 218 614 1413 706 638 1346 1845 1420
1 5 614 114 676 1413 1346 637 1396 1845
1 5 1413 676 227 711 1845 1396 694 1424
1 5 706 1413 711 287 1420 1845 1424 721
1 5 638 1346 1845 1420 110 635 1425 718
1 5 1346 637 1396 1845 635 52 692 1425
1 5 1845 1396 694 1424 1425 692 123 723
1 5 1420 1845 1424 721 718 1425 723 231
1 5 287 711 1416 713 721 1424 1846 1427
1 5 711 227 688 1416 1424 694 1406 1846
1 5 1416 688 125 712 1846 1406 705 1426
1 5 713 1416 712 229 1427 1846 1426 726
1 5 721 1424 1846 1427 231 723 1428 725
1 5 1424 694 1406 1846 723 123 704 1428
1 5 1846 1406 705 1426 1428 704 44 724
1 5 1427 1846 1426 726 725 1428 724 126
1 5 230 707 1419 716 722 1421 1847 1430
1 5 707 287 713 1419 1421 721 1427 1847
1 5 1419 713 229 715 1847 1427 726 1429
1 5 716 1419 715 128 1430 1847 1429 729
1 5 722 1421 1847 1430 127 719 1431 728
1 5 1421 721 1427 1847 719 231 725 1431
1 5 1847 1427 726 1429 1431 725 126 727
1 5 1430 1847 1429 729 728 1431 727 31
1 5 28 621 1340 624 734 1432 1848 1435
1 5 621 108 622 1340 1432 735 1433 1848
1 5 1340 622 220 623 1848 1433 736 1434
1 5 624 1340 623 111 1435 1848 1434 737
1 5 734 1432 1848 1435 133 730 1436 733
1 5 1432 735 1433 1848 730 232 731 1436
1 5 1848 1433 736 1434 1436 731 288 732
1 5 1435 1848 1434 737 733 1436 732 235
1 5 108 629 1344 622 735 1437 1849 1433
1 5 629 42 630 1344 1437 741 1438 1849
1 5 1344 630 109 631 1849 1438 742 1439
1 5 622 1344 631 220 1433 1849 1439 736
1 5 735 1437 1849 1433 232 738 1440 731
1 5 1437 741 1438 1849 738 134 739 1440
1 5 1849 1438 742 1439 1440 739 233 740
1 5 1433 1849 1439 736 731 1440 740 288
1 5 220 631 1348 636 736 1439 1850 1443
1 5 631 109 634 1348 1439 742 1441 1850
1 5 1348 634 52 635 1850 1441 746 1442
1 5 636 1348 635 110 1443 1850 1442 747
1 5 736 1439 1850 1443 288 740 1444 745
1 5 1439 742 1441 1850 740 233 743 1444
1 5 1850 1441 746 1442 1444 743 135 744
1 5 1443 1850 1442 747 745 1444 744 234
1 5 111 623 1351 640 737 1434 1851 1446
1 5 623 220 636 1351 1434 736 1443 1851
1 5 1351 636 110 639 1851 1443 747 1445
1 5 640 1351 639 45 1446 1851 1445 750
1 5 737 1434 1851 1446 235 732 1447 749
1 5 1434 736 1443 1851 732 288 745 1447
1 5 1851 1443 747 1445 1447 745 234 748
1 5 1446 1851 1445 750 749 1447 748 136
1 5 133 730 1436 733 755 1448 1852 1451
1 5 730 232 731 1436 1448 756 1449 1852
1 5 1436 731 288 732 1852 1449 757 1450
1 5 733 1436 732 235 1451 1852 1450 758
1 5 755 1448 1852 1451 8 751 1452 754
1 5 1448 756 1449 1852 751 129 752 1452
1 5 1852 1449 757 1450 1452 752 236 753
1 5 1451 1852 1450 758 754 1452 753 132
1 5 232 738 1440 731 756 1453 1853 1449
1 5 738 134 739 1440 1453 762 1454 1853
1 5 1440 739 233 740 1853 1454 763 1455
1 5 731 1440 740 288 1449 1853 1455 757
1 5 756 1453 1853 1449 129 759 1456 752
1 5 1453 762 1454 1853 759 24 760 1456
1 5 1853 1454 763 1455 1456 760 130 761
1 5 1449 1853 1455 757 752 1456 761 236
1 5 288 740 1444 745 757 1455 1854 1459
1 5 740 233 743 1444 1455 763 1457 1854
1 5 1444 743 135 744 1854 1457 767 1458
1 5 745 1444 744 234 1459 1854 1458 768
1 5 757 1455 1854 1459 236 761 1460 766
1 5 1455 763 1457 1854 761 130 764 1460
1 5 1854 1457 767 1458 1460 764 46 765
1 5 1459 1854 1458 768 766 1460 765 131
1 5 235 732 1447 749 758 1450 1855 1462
1 5 732 288 745 1447 1450 757 1459 1855
1 5 1447 745 234 748 1855 1459 768 1461
1 5 749 1447 748 136 1462 1855 1461 771
1 5 758 1450 1855 1462 132 753 1463 770
1 5 1450 757 1459 1855 753 236 766 1463
1 5 1855 1459 768 1461 1463 766 131 769
1 5 1462 1855 1461 771 770 1463 769 27
1 5 42 658 1369 630 741 1464 1856 1438
1 5 658 116 659 1369 1464 775 1465 1856
1 5 1369 659 224 660 1856 1465 776 1466
1 5 630 1369 660 109 1438 1856 1466 742
1 5 741 1464 1856 1438 134 772 1467 739
1 5 1464 775 1465 1856 772 237 773 1467
1 5 1856 1465 776 1466 1467 773 289 774
1 5 1438 1856 1466 742 739 1467 774 233
1 5 116 663 1373 659 775 1468 1857 1465
1 5 663 29 664 1373 1468 780 1469 1857
1 5 1373 664 117 665 1857 1469 781 1470
1 5 659 1373 665 224 1465 1857 1470 776
1 5 775 1468 1857 1465 237 777 1471 773
1 5 1468 780 1469 1857 777 140 778 1471
1 5 1857 1469 781 1470 1471 778 238 779
1 5 1465 1857 1470 776 773 1471 779 289
1 5 224 665 1377 670 776 1470 1858 1474
1 5 665 117 668 1377 1470 781 1472 1858
1 5 1377 668 43 669 1858 1472 785 1473
1 5 670 1377 669 118 1474 1858 1473 786
1 5 776 1470 1858 1474 289 779 1475 784
1 5 1470 781 1472 1858 779 238 782 1475
1 5 1858 1472 785 1473 1475 782 141 783
1 5 1474 1858 1473 786 784 1475 783 239
1 5 109 660 1379 634 742 1466 1859 1441
1 5 660 224 670 1379 1466 776 1474 1859
1 5 1379 670 118 673 1859 1474 786 1476
1 5 634 1379 673 52 1441 1859 1476 746
1 5 742 1466 1859 1441 233 774 1477 743
1 5 1466 776 1474 1859 774 289 784 1477
1 5 1859 1474 786 1476 1477 784 239 787
1 5 1441 1859 1476 746 743 1477 787 135
1 5 134 772 1467 739 762 1478 1860 1454
1 5 772 237 773 1467 1478 791 1479 1860
1 5 1467 773 289 774 1860 1479 792 1480
1 5 739 1467 774 233 1454 1860 1480 763
1 5 762 1478 1860 1454 24 788 1481 760
1 5 1478 791 1479 1860 788 137 789 1481
1 5 1860 1479 792 1480 1481 789 240 790
1 5 1454 1860 1480 763 760 1481 790 130
1 5 237 777 1471 773 791 1482 1861 1479
1 5 777 140 778 1471 1482 796 1483 1861
1 5 1471 778 238 779 1861 1483 797 1484
1 5 773 1471 779 289 1479 1861 1484 792
1 5 791 1482 1861 1479 137 793 1485 789
1 5 1482 796 1483 1861 793 9 794 1485
1 5 1861 1483 797 1484 1485 794 138 795
1 5 1479 1861 1484 792 789 1485 795 240
1 5 289 779 1475 784 792 1484 1862 1488
1 5 779 238 782 1475 1484 797 1486 1862
1 5 1475 782 141 783 1862 1486 801 1487
1 5 784 1475 783 239 1488 1862 1487 802
1 5 792 1484 1862 1488 240 795 1489 800
1 5 1484 797 1486 1862 795 138 798 1489
1 5 1862 1486 801 1487 1489 798 25 799
1 5 1488 1862 1487 802 800 1489 799 139
1 5 233 774 1477 743 763 1480 1863 1457
1 5 774 289 784 1477 1480 792 1488 1863
1 5 1477 784 239 787 1863 1488 802 1490
1 5 743 1477 787 135 1457 1863 1490 767
1 5 763 1480 1863 1457 130 790 1491 764
1 5 1480 792 1488 1863 790 240 800 1491
1 5 1863 1488 802 1490 1491 800 139 803
1 5 1457 1863 1490 767 764 1491 803 46
1 5 52 673 1397 692 746 1476 1864 1494
1 5 673 118 690 1397 1476 786 1492 1864
1 5 1397 690 228 691 1864 1492 807 1493
1 5 692 1397 691 123 1494 1864 1493 808
1 5 746 1476 1864 1494 135 787 1495 806
1 5 1476 786 1492 1864 787 239 804 1495
1 5 1864 1492 807 1493 1495 804 290 805
1 5 1494 1864 1493 808 806 1495 805 243
1 5 118 669 1400 690 786 1473 1865 1492
1 5 669 43 695 1400 1473 785 1496 1865
1 5 1400 695 121 696 1865 1496 811 1497
1 5 690 1400 696 228 1492 1865 1497 807
1 5 786 1473 1865 1492 239 783 1498 804
1 5 1473 785 1496 1865 783 141 809 1498
1 5 1865 1496 811 1497 1498 809 241 810
1 5 1492 1865 1497 807 804 1498 810 290
1 5 228 696 1404 700 807 1497 1866 1501
1 5 696 121 698 1404 1497 811 1499 1866
1 5 1404 698 30 699 1866 1499 815 1500
1 5 700 1404 699 122 1501 1866 1500 816
1 5 807 1497 1866 1501 290 810 1502 814
1 5 1497 811 1499 1866 810 241 812 1502
1 5 1866 1499 815 1500 1502 812 145 813
1 5 1501 1866 1500 816 814 1502 813 242
1 5 123 691 1407 704 808 1493 1867 1504
1 5 691 228 700 1407 1493 807 1501 1867
1 5 1407 700 122 703 1867 1501 816 1503
1 5 704 1407 703 44 1504 1867 1503 819
1 5 808 1493 1867 1504 243 805 1505 818
1 5 1493 807 1501 1867 805 290 814 1505
1 5 1867 1501 816 1503 1505 814 242 817
1 5 1504 1867 1503 819 818 1505 817 146
1 5 135 787 1495 806 767 1490 1868 1508
1 5 787 239 804 1495 1490 802 1506 1868
1 5 1495 804 290 805 1868 1506 823 1507
1 5 806 1495 805 243 1508 1868 1507 824
1 5 767 1490 1868 1508 46 803 1509 822
1 5 1490 802 1506 1868 803 139 820 1509
1 5 1868 1506 823 1507 1509 820 244 821
1 5 1508 1868 1507 824 822 1509 821 144
1 5 239 783 1498 804 802 1487 1869 1506
1 5 783 141 809 1498 1487 801 1510 1869
1 5 1498 809 241 810 1869 1510 827 1511
1 5 804 1498 810 290 1506 1869 1511 823
1 5 802 1487 1869 1506 139 799 1512 820
1 5 1487 801 1510 1869 799 25 825 1512
1 5 1869 1510 827 1511 1512 825 142 826
1 5 1506 1869 1511 823 820 1512 826 244
1 5 290 810 1502 814 823 1511 1870 1515
1 5 810 241 812 1502 1511 827 1513 1870
1 5 1502 812 145 813 1870 1513 831 1514
1 5 814 1502 813 242 1515 1870 1514 832
1 5 823 1511 1870 1515 244 826 1516 830
1 5 1511 827 1513 1870 826 142 828 1516
1 5 1870 1513 831 1514 1516 828 10 829
1 5 1515 1870 1514 832 830 1516 829 143
1 5 243 805 1505 818 824 1507 1871 1518
1 5 805 290 814 1505 1507 823 1515 1871
1 5 1505 814 242 817 1871 1515 832 1517
1 5 818 1505 817 146 1518 1871 1517 835
1 5 824 1507 1871 1518 144 821 1519 834
1 5 1507 823 1515 1871 821 244 830 1519
1 5 1871 1515 832 1517 1519 830 143 833
1 5 1518 1871 1517 835 834 1519 833 26
1 5 45 639 1423 720 750 1445 1872 1522
1 5 639 110 718 1423 1445 747 1520 1872
1 5 1423 718 231 719 1872 1520 839 1521
1 5 720 1423 719 127 1522 1872 1521 840
1 5 750 1445 1872 1522 136 748 1523 838
1 5 1445 747 1520 1872 748 234 836 1523
1 5 1872 1520 839 1521 1523 836 291 837
1 5 1522 1872 1521 840 838 1523 837 246
1 5 110 635 1425 718 747 1442 1873 1520
1 5 635 52 692 1425 1442 746 1494 1873
1 5 1425 692 123 723 1873 1494 808 1524
1 5 718 1425 723 231 1520 1873 1524 839
1 5 747 1442 1873 1520 234 744 1525 836
1 5 1442 746 1494 1873 744 135 806 1525
1 5 1873 1494 808 1524 1525 806 243 841
1 5 1520 1873 1524 839 836 1525 841 291
1 5 231 723 1428 725 839 1524 1874 1527
1 5 723 123 704 1428 1524 808 1504 1874
1 5 1428 704 44 724 1874 1504 819 1526
1 5 725 1428 724 126 1527 1874 1526 844
1 5 839 1524 1874 1527 291 841 1528 843
1 5 1524 808 1504 1874 841 243 818 1528
1 5 1874 1504 819 1526 1528 818 146 842
1 5 1527 1874 1526 844 843 1528 842 245
1 5 127 719 1431 728 840 1521 1875 1530
1 5 719 231 725 1431 1521 839 1527 1875
1 5 1431 725 126 727 1875 1527 844 1529
1 5 728 1431 727 31 1530 1875 1529 847
1 5 840 1521 1875 1530 246 837 1531 846
1 5 1521 839 1527 1875 837 291 843 1531
1 5 1875 1527 844 1529 1531 843 245 845
1 5 1530 1875 1529 847 846 1531 845 149
1 5 136 748 1523 838 771 1461 1876 1534
1 5 748 234 836 1523 1461 768 1532 1876
1 5 1523 836 291 837 1876 1532 851 1533
1 5 838 1523 837 246 1534 1876 1533 852
1 5 771 1461 1876 1534 27 769 1535 850
1 5 1461 768 1532 1876 769 131 848 1535
1 5 1876 1532 851 1533 1535 848 247 849
1 5 1534 1876 1533 852 850 1535 849 148
1 5 234 744 1525 836 768 1458 1877 1532
1 5 744 135 806 1525 1458 767 1508 1877
