oc_pmd = [5.00000000e-01,	4.80279474e-02,	1.00000000e+00,	0,	1.00000000e+00,	1.00000000e+00,	
5.00000000e-01,	3.06485982e-02,	1.00000000e+00,	0,	1.00000000e+00,	1.00000000e+00,	
5.00000000e-01,	2.40390890e-02,	4.28610732e-01,	0,	1.51143331e+00,	4.65484286e-01,	
5.00000000e-01,	1.95224538e-02,	2.56188936e-01,	0,	3.65182844e+00,	2.87983089e-01,	
5.00000000e-01,	1.80431762e-02,	1.11929968e-01,	0,	6.32696569e+00,	1.19989165e-01,	
5.00000000e-01,	1.69845047e-02,	6.87897767e-02,	0,	1.41803707e+01,	6.60407394e-02,	
5.00000000e-01,	1.53997925e-02,	5.52421777e-02,	0,	5.34057756e+01,	4.53126022e-02,	
5.00000000e-01,	1.50813647e-02,	5.79397166e-02,	1,	8.42012738e+01,	4.03663273e-02,	
5.00000000e-01,	1.43816354e-02,	1.22666110e-01,	1,	2.19905317e+01,	9.67927606e-02,	
5.00000000e-01,	1.35615542e-02,	7.34643743e-02,	0,	1.58493331e+01,	6.26395032e-02,	
5.00000000e-01,	1.32223737e-02,	5.07042448e-02,	0,	2.29957719e+01,	2.83334025e-02,	
5.00000000e-01,	1.28103426e-02,	4.55103846e-02,	0,	5.96627137e+01,	1.93135372e-02,	
5.00000000e-01,	1.23406865e-02,	4.37789494e-02,	2,	4.63127862e+02,	1.71184409e-02,	
5.00000000e-01,	1.20163781e-02,	6.61361345e-02,	2,	6.45620235e+01,	4.37338997e-02,	
5.00000000e-01,	1.14738053e-02,	4.23860652e-02,	0,	3.84334881e+01,	3.67953032e-02,	
5.00000000e-01,	1.12998236e-02,	2.58593481e-02,	0,	3.85588213e+01,	1.68495064e-02,	
5.00000000e-01,	1.10665156e-02,	2.16868182e-02,	0,	1.19930622e+02,	1.08636661e-02,	
5.00000000e-01,	1.08619124e-02,	1.99927830e-02,	0,	6.37461774e+02,	8.48121860e-03,	
5.00000000e-01,	1.06976915e-02,	2.20431787e-02,	2,	1.28303193e+02,	1.76333763e-02,	
5.00000000e-01,	1.06589843e-02,	1.63237428e-02,	0,	6.81796143e+01,	7.64894901e-03,	
5.00000000e-01,	1.06331815e-02,	1.40330123e-02,	0,	5.92775863e+01,	5.18783606e-03,	
5.00000000e-01,	1.05996489e-02,	1.31900055e-02,	0,	1.32998717e+02,	3.53096158e-03,	
5.00000000e-01,	1.05248961e-02,	1.22363222e-02,	0,	3.79456940e+03,	2.94988032e-03,	
5.00000000e-01,	1.05233015e-02,	3.96442822e-03,	0,	5.48615726e+03,	2.06951891e-03,	
5.00000000e-01,	1.05076239e-02,	2.35355824e-03,	1,	5.07420241e+02,	2.03268865e-03,	
5.00000000e-01,	1.05021039e-02,	2.22587739e-03,	0,	3.29786204e+02,	2.00411746e-03,	
5.00000000e-01,	1.04991626e-02,	1.47002588e-03,	0,	1.89087813e+02,	1.09066612e-03,	
5.00000000e-01,	1.04976120e-02,	1.15562228e-03,	0,	2.97612640e+02,	5.69601822e-04,	
5.00000000e-01,	1.04953942e-02,	1.02217664e-03,	0,	2.13979324e+04,	4.01025037e-04,	
5.00000000e-01,	1.04923137e-02,	7.54938867e-04,	0,	9.72631486e+03,	4.78481756e-04,	
5.00000000e-01,	1.04910263e-02,	5.16410440e-04,	1,	1.65358160e+03,	3.78849941e-04,	
5.00000000e-01,	1.04899092e-02,	5.03878993e-04,	0,	1.01535821e+03,	4.74001564e-04,	
5.00000000e-01,	1.04896385e-02,	2.92642230e-04,	0,	6.20880834e+02,	1.61489847e-04,	
5.00000000e-01,	1.04893287e-02,	2.51625173e-04,	0,	1.36950762e+03,	1.08604939e-04,	];
pmd = [5.00000000e-01,	4.80279474e-02,	1.00000000e+00,	0,	1.00000000e+00,	1.00000000e+00,	
5.00000000e-01,	3.82007468e-02,	1.00000000e+00,	0,	1.00000000e+00,	1.00000000e+00,	
5.00000000e-01,	2.84450474e-02,	6.50029853e-01,	0,	2.71214869e+00,	6.40499006e-01,	
5.00000000e-01,	2.24673269e-02,	3.73545513e-01,	0,	6.07055613e+00,	3.42406933e-01,	
5.00000000e-01,	1.90356547e-02,	2.30571106e-01,	0,	1.43301446e+01,	1.77153779e-01,	
5.00000000e-01,	1.69685188e-02,	1.65385789e-01,	0,	3.40994200e+01,	8.85137190e-02,	
5.00000000e-01,	1.50351749e-02,	1.29326531e-01,	0,	1.13240945e+02,	5.45883645e-02,	
5.00000000e-01,	1.43585079e-02,	9.87459724e-02,	2,	6.56692900e+01,	4.79069730e-02,	
5.00000000e-01,	1.38485271e-02,	8.60144483e-02,	0,	6.04983385e+01,	4.30072307e-02,	
5.00000000e-01,	1.34359943e-02,	7.82109896e-02,	0,	5.73696207e+01,	3.25638275e-02,	
5.00000000e-01,	1.31193212e-02,	6.82572145e-02,	0,	7.45166792e+01,	2.38421103e-02,	
5.00000000e-01,	1.28728595e-02,	6.49617733e-02,	0,	1.25248134e+02,	2.27658616e-02,	
5.00000000e-01,	1.27525979e-02,	6.49067642e-02,	0,	1.08697267e+02,	3.14180843e-02,	
5.00000000e-01,	1.23230038e-02,	6.99866005e-02,	0,	5.83327953e+01,	4.45156688e-02,	
5.00000000e-01,	1.21279894e-02,	5.10907365e-02,	0,	4.96502214e+01,	1.99473434e-02,	
5.00000000e-01,	1.18229224e-02,	4.65975454e-02,	0,	1.61407119e+02,	1.44824797e-02,	
5.00000000e-01,	1.11229420e-02,	4.15952619e-02,	0,	1.38502462e+03,	1.50286952e-02,	
5.00000000e-01,	1.08766447e-02,	3.21424338e-02,	3,	6.44496742e+02,	1.53054268e-02,	
5.00000000e-01,	1.06687468e-02,	2.42995092e-02,	0,	5.81678157e+02,	7.64710226e-03,	
5.00000000e-01,	1.05486905e-02,	1.60102370e-02,	0,	1.01200487e+03,	4.23526230e-03,	
5.00000000e-01,	1.05066544e-02,	9.95537028e-03,	0,	2.82203586e+03,	1.98909172e-03,	
5.00000000e-01,	1.04965301e-02,	5.60904001e-03,	0,	4.56525542e+03,	1.48511180e-03,	
5.00000000e-01,	1.04868857e-02,	2.43223445e-03,	0,	3.77080262e+03,	6.43679529e-04,	
5.00000000e-01,	1.04846247e-02,	1.21332841e-03,	0,	5.98872223e+03,	2.28298842e-04,	
5.00000000e-01,	1.04824060e-02,	7.49906002e-04,	0,	3.24606399e+04,	2.62794485e-04,	
5.00000000e-01,	1.04819664e-02,	2.94164036e-04,	1,	9.13311895e+04,	1.86065851e-04,	
5.00000000e-01,	1.04806469e-02,	3.60711792e-04,	0,	5.36353962e+04,	1.01634691e-04,	
5.00000000e-01,	1.04799130e-02,	1.66951676e-04,	0,	4.30407763e+04,	6.44363774e-05,	
5.00000000e-01,	1.04796547e-02,	9.42557836e-05,	0,	5.64524239e+04,	2.71493268e-05,	];
