pmd5 = [5.00000000e-01,	4.72988331e-02,	1.00000000e+00,	0,	1.00000000e+00,	1.00000000e+00,	
5.00000000e-01,	3.77672099e-02,	1.00000000e+00,	0,	1.00000000e+00,	1.00000000e+00,	
5.00000000e-01,	2.80813108e-02,	6.54577613e-01,	0,	2.75122088e+00,	6.45373562e-01,	
5.00000000e-01,	2.21930683e-02,	3.74450261e-01,	0,	6.12183968e+00,	3.43846841e-01,	
5.00000000e-01,	1.87852374e-02,	2.30993950e-01,	0,	1.44768606e+01,	1.78585181e-01,	
5.00000000e-01,	1.67410003e-02,	1.64770584e-01,	0,	3.43328179e+01,	8.91925333e-02,	
5.00000000e-01,	1.48265811e-02,	1.33175944e-01,	0,	1.14351630e+02,	5.48217987e-02,	
5.00000000e-01,	1.41698354e-02,	9.75951036e-02,	2,	6.80426816e+01,	4.74478373e-02,	
5.00000000e-01,	1.36807599e-02,	8.75189070e-02,	0,	6.14563027e+01,	4.38764305e-02,	
5.00000000e-01,	1.32664219e-02,	7.81711449e-02,	0,	5.67488937e+01,	3.29838091e-02,	
5.00000000e-01,	1.29568586e-02,	6.81912353e-02,	0,	7.52341245e+01,	2.32886313e-02,	
5.00000000e-01,	1.27112144e-02,	6.49056234e-02,	0,	1.45967126e+02,	2.19491147e-02,	
5.00000000e-01,	1.23480712e-02,	6.54454351e-02,	1,	6.28476494e+01,	3.28129146e-02,	
5.00000000e-01,	1.21757407e-02,	5.50459817e-02,	0,	6.12727545e+01,	1.80491988e-02,	
5.00000000e-01,	1.18968909e-02,	4.97376640e-02,	0,	1.48634141e+02,	1.43175133e-02,	
5.00000000e-01,	1.17005772e-02,	4.35378935e-02,	1,	1.81176714e+03,	1.40036093e-02,	
5.00000000e-01,	1.12588638e-02,	8.73381705e-02,	1,	4.58691118e+02,	6.13716267e-02,	
5.00000000e-01,	1.09569816e-02,	3.17799731e-02,	0,	3.96699645e+02,	1.03454933e-02,	
5.00000000e-01,	1.07145555e-02,	2.24127133e-02,	0,	8.71207797e+02,	5.92988893e-03,	
5.00000000e-01,	1.05299570e-02,	1.52390449e-02,	0,	1.90127148e+03,	4.57518398e-03,	
5.00000000e-01,	1.04639644e-02,	7.72206088e-03,	0,	3.05495260e+03,	2.07207381e-03,	
5.00000000e-01,	1.04465830e-02,	6.27489937e-03,	0,	3.93069343e+03,	1.57763116e-03,	
5.00000000e-01,	1.04382587e-02,	2.72649792e-03,	0,	3.04783034e+03,	1.00453753e-03,	
5.00000000e-01,	1.04370264e-02,	1.27285871e-03,	0,	3.65439630e+03,	3.13270582e-04,	
5.00000000e-01,	1.04357802e-02,	9.58969134e-04,	0,	2.41306382e+03,	3.29070174e-04,	
5.00000000e-01,	1.04349873e-02,	7.59299485e-04,	0,	1.91352833e+03,	2.43658650e-04,	
5.00000000e-01,	1.04345278e-02,	6.83021205e-04,	0,	1.96984686e+03,	2.02924175e-04,	
5.00000000e-01,	1.04339038e-02,	5.45888345e-04,	0,	3.57504288e+03,	1.48855674e-04,	
5.00000000e-01,	1.04331891e-02,	5.00712348e-04,	0,	3.86668223e+03,	1.75801497e-04,	
5.00000000e-01,	1.04316070e-02,	5.10135178e-04,	0,	3.72088712e+03,	2.86817872e-04,	
5.00000000e-01,	1.04309776e-02,	5.23233911e-04,	0,	2.93898943e+03,	2.57578070e-04,	
5.00000000e-01,	1.04301247e-02,	5.17719934e-04,	0,	1.87180745e+03,	2.83713796e-04,	
5.00000000e-01,	1.04299067e-02,	4.46293167e-04,	0,	1.57651790e+03,	1.37326212e-04,	];
pmd6 = [
5.00000000e-01,	4.58287577e-02,	1.00000000e+00,	0,	1.00000000e+00,	1.00000000e+00,	
5.00000000e-01,	3.67934288e-02,	1.00000000e+00,	0,	1.00000000e+00,	1.00000000e+00,	
5.00000000e-01,	2.72776292e-02,	6.61756348e-01,	0,	2.81156784e+00,	6.52832844e-01,	
5.00000000e-01,	2.15558586e-02,	3.76888089e-01,	0,	6.21418026e+00,	3.46239878e-01,	
5.00000000e-01,	1.82199364e-02,	2.33131207e-01,	0,	1.47644488e+01,	1.80434802e-01,	
5.00000000e-01,	1.62395354e-02,	1.65888516e-01,	0,	3.48917246e+01,	8.97357022e-02,	
5.00000000e-01,	1.43817367e-02,	1.30716265e-01,	0,	1.15703394e+02,	5.50960036e-02,	
5.00000000e-01,	1.37242963e-02,	9.88187489e-02,	2,	6.87298628e+01,	4.76220433e-02,	
5.00000000e-01,	1.32468344e-02,	8.64915615e-02,	0,	6.41809595e+01,	4.32102313e-02,	
5.00000000e-01,	1.28376778e-02,	7.93764057e-02,	0,	6.01613639e+01,	3.31220487e-02,	
5.00000000e-01,	1.25335042e-02,	6.84827723e-02,	0,	7.82950463e+01,	2.38492877e-02,	
5.00000000e-01,	1.23016659e-02,	6.52228912e-02,	0,	1.34285279e+02,	2.27610189e-02,	
5.00000000e-01,	1.22034598e-02,	6.54640410e-02,	0,	1.14365718e+02,	3.20580402e-02,	
5.00000000e-01,	1.17738018e-02,	7.13962694e-02,	0,	6.00339386e+01,	4.59510366e-02,	
5.00000000e-01,	1.15910300e-02,	5.13861874e-02,	0,	5.12727592e+01,	1.98529562e-02,	
5.00000000e-01,	1.13009950e-02,	4.67478144e-02,	0,	1.72543482e+02,	1.44965264e-02,	
5.00000000e-01,	1.07170233e-02,	4.18531501e-02,	0,	1.06276677e+03,	1.54080130e-02,	
5.00000000e-01,	1.05312433e-02,	3.37962612e-02,	2,	6.76730239e+02,	1.65647337e-02,	
5.00000000e-01,	1.02679156e-02,	3.19833003e-02,	0,	4.71728961e+02,	1.50281871e-02,	
5.00000000e-01,	1.01391170e-02,	1.94384199e-02,	0,	5.82267681e+02,	5.24094592e-03,	
5.00000000e-01,	1.00886837e-02,	1.42189811e-02,	0,	2.66757953e+03,	3.35176135e-03,	
5.00000000e-01,	1.00519181e-02,	1.06477504e-02,	0,	1.73031604e+03,	5.47506288e-03,	
5.00000000e-01,	1.00387832e-02,	4.39221254e-03,	0,	1.42881313e+03,	1.06839912e-03,	
5.00000000e-01,	1.00306531e-02,	2.99985376e-03,	0,	5.87382860e+03,	6.44945001e-04,	
5.00000000e-01,	1.00271983e-02,	1.56220367e-03,	0,	5.41063092e+03,	4.22749740e-04,	
5.00000000e-01,	1.00258547e-02,	8.84335352e-04,	0,	4.98106872e+03,	2.41833308e-04,	
5.00000000e-01,	1.00250730e-02,	6.30149398e-04,	0,	5.34731224e+03,	1.20256674e-04,	
5.00000000e-01,	1.00239960e-02,	4.49355970e-04,	0,	1.18390983e+04,	1.99012935e-04,	
5.00000000e-01,	1.00230306e-02,	3.34482298e-04,	0,	3.10779353e+04,	7.69522030e-05,	
5.00000000e-01,	1.00228839e-02,	2.95676353e-04,	0,	2.77398234e+04,	3.22911568e-04,	
5.00000000e-01,	1.00221334e-02,	3.41236096e-04,	0,	1.46971959e+04,	1.22719620e-04,	
5.00000000e-01,	1.00215740e-02,	2.18872768e-04,	0,	9.79233025e+03,	1.97778098e-04,	
5.00000000e-01,	1.00211266e-02,	1.81796213e-04,	0,	8.15624721e+03,	9.64261870e-05,	
];
