MFEM NC mesh v1.0

# NCMesh supported geometry types:
# SEGMENT     = 1
# TRIANGLE    = 2
# SQUARE      = 3
# TETRAHEDRON = 4
# CUBE        = 5
# PRISM       = 6

dimension
3

# rank attr geom ref_type nodes/children
elements
137
-1 1 5 7 1 18 35 52 69 86 103 120
-1 1 5 7 2 3 4 5 6 7 8 17
0 1 5 0 0 27 81 30 35 82 87 85
0 1 5 0 27 8 28 81 82 36 83 87
0 1 5 0 81 28 20 29 87 83 37 84
0 1 5 0 30 81 29 11 85 87 84 38
0 1 5 0 35 82 87 85 16 31 86 34
0 1 5 0 82 36 83 87 31 21 32 86
-1 1 5 7 9 10 11 12 13 14 15 16
0 1 5 0 87 88 179 91 92 180 185 183
0 1 5 0 88 83 89 179 180 94 181 185
0 1 5 0 179 89 37 90 185 181 98 182
0 1 5 0 91 179 90 84 183 185 182 99
0 1 5 0 92 180 185 183 86 93 184 97
0 1 5 0 180 94 181 185 93 32 95 184
0 1 5 0 185 181 98 182 184 95 26 96
0 1 5 0 183 185 182 99 97 184 96 33
0 1 5 0 85 87 84 38 34 86 33 24
-1 1 5 7 19 20 21 22 23 24 25 26
0 1 5 0 8 39 100 28 36 101 105 83
0 1 5 0 39 1 40 100 101 45 102 105
0 1 5 0 100 40 9 41 105 102 46 103
0 1 5 0 28 100 41 20 83 105 103 37
0 1 5 0 36 101 105 83 21 42 104 32
0 1 5 0 101 45 102 105 42 17 43 104
0 1 5 0 105 102 46 103 104 43 22 44
-1 1 5 7 27 28 29 30 31 32 33 34
0 1 5 0 83 106 186 89 94 187 191 181
0 1 5 0 106 105 107 186 187 110 188 191
0 1 5 0 186 107 103 108 191 188 112 189
0 1 5 0 89 186 108 37 181 191 189 98
0 1 5 0 94 187 191 181 32 109 190 95
0 1 5 0 187 110 188 191 109 104 111 190
0 1 5 0 191 188 112 189 190 111 44 113
0 1 5 0 181 191 189 98 95 190 113 26
-1 1 5 7 36 37 38 39 40 49 50 51
0 1 5 0 20 41 114 49 37 103 119 117
0 1 5 0 41 9 47 114 103 46 115 119
0 1 5 0 114 47 3 48 119 115 53 116
0 1 5 0 49 114 48 10 117 119 116 54
-1 1 5 7 41 42 43 44 45 46 47 48
0 1 5 0 37 108 192 122 98 189 197 195
0 1 5 0 108 103 120 192 189 112 193 197
0 1 5 0 192 120 119 121 197 193 126 194
0 1 5 0 122 192 121 117 195 197 194 127
0 1 5 0 98 189 197 195 26 113 196 125
0 1 5 0 189 112 193 197 113 44 123 196
0 1 5 0 197 193 126 194 196 123 118 124
0 1 5 0 195 197 194 127 125 196 124 52
0 1 5 0 103 46 115 119 44 22 50 118
0 1 5 0 119 115 53 116 118 50 18 51
0 1 5 0 117 119 116 54 52 118 51 23
-1 1 5 7 53 54 55 56 57 58 67 68
0 1 5 0 11 29 128 56 38 84 132 130
0 1 5 0 29 20 49 128 84 37 117 132
0 1 5 0 128 49 10 55 132 117 54 129
0 1 5 0 56 128 55 2 130 132 129 59
0 1 5 0 38 84 132 130 24 33 131 58
-1 1 5 7 59 60 61 62 63 64 65 66
0 1 5 0 84 90 198 133 99 182 202 200
0 1 5 0 90 37 122 198 182 98 195 202
0 1 5 0 198 122 117 134 202 195 127 199
0 1 5 0 133 198 134 132 200 202 199 136
0 1 5 0 99 182 202 200 33 96 201 135
0 1 5 0 182 98 195 202 96 26 125 201
0 1 5 0 202 195 127 199 201 125 52 137
0 1 5 0 200 202 199 136 135 201 137 131
0 1 5 0 132 117 54 129 131 52 23 57
0 1 5 0 130 132 129 59 58 131 57 19
-1 1 5 7 70 71 72 81 82 83 84 85
0 1 5 0 16 31 86 34 64 172 175 173
0 1 5 0 31 21 32 86 172 65 164 175
-1 1 5 7 73 74 75 76 77 78 79 80
0 1 5 0 86 93 184 97 176 219 222 220
0 1 5 0 93 32 95 184 219 169 216 222
0 1 5 0 184 95 26 96 222 216 150 203
0 1 5 0 97 184 96 33 220 222 203 145
0 1 5 0 176 219 222 220 175 177 221 178
0 1 5 0 219 169 216 222 177 164 171 221
0 1 5 0 222 216 150 203 221 171 66 147
0 1 5 0 220 222 203 145 178 221 147 138
0 1 5 0 34 86 33 24 173 175 138 67
0 1 5 0 64 172 175 173 4 60 174 63
0 1 5 0 172 65 164 175 60 12 61 174
0 1 5 0 175 164 66 138 174 61 25 62
0 1 5 0 173 175 138 67 63 174 62 15
-1 1 5 7 87 88 89 90 99 100 101 102
0 1 5 0 21 42 104 32 65 162 166 164
0 1 5 0 42 17 43 104 162 71 163 166
0 1 5 0 104 43 22 44 166 163 72 152
-1 1 5 7 91 92 93 94 95 96 97 98
0 1 5 0 32 109 190 95 169 214 218 216
0 1 5 0 109 104 111 190 214 168 215 218
0 1 5 0 190 111 44 113 218 215 160 209
0 1 5 0 95 190 113 26 216 218 209 150
0 1 5 0 169 214 218 216 164 167 217 171
0 1 5 0 214 168 215 218 167 166 170 217
0 1 5 0 218 215 160 209 217 170 152 157
0 1 5 0 216 218 209 150 171 217 157 66
0 1 5 0 65 162 166 164 12 68 165 61
0 1 5 0 162 71 163 166 68 5 69 165
0 1 5 0 166 163 72 152 165 69 13 70
0 1 5 0 164 166 152 66 61 165 70 25
-1 1 5 7 104 113 114 115 116 117 118 119
-1 1 5 7 105 106 107 108 109 110 111 112
0 1 5 0 26 113 196 125 150 209 213 204
0 1 5 0 113 44 123 196 209 160 210 213
0 1 5 0 196 123 118 124 213 210 161 211
0 1 5 0 125 196 124 52 204 213 211 151
0 1 5 0 150 209 213 204 66 157 212 148
0 1 5 0 209 160 210 213 157 152 158 212
0 1 5 0 213 210 161 211 212 158 156 159
0 1 5 0 204 213 211 151 148 212 159 139
0 1 5 0 44 22 50 118 152 72 153 156
0 1 5 0 118 50 18 51 156 153 76 154
0 1 5 0 52 118 51 23 139 156 154 77
0 1 5 0 66 152 156 139 25 70 155 75
0 1 5 0 152 72 153 156 70 13 73 155
0 1 5 0 156 153 76 154 155 73 7 74
0 1 5 0 139 156 154 77 75 155 74 14
-1 1 5 7 121 122 131 132 133 134 135 136
0 1 5 0 24 33 131 58 67 138 143 141
-1 1 5 7 123 124 125 126 127 128 129 130
0 1 5 0 33 96 201 135 145 203 208 206
0 1 5 0 96 26 125 201 203 150 204 208
0 1 5 0 201 125 52 137 208 204 151 205
0 1 5 0 135 201 137 131 206 208 205 146
0 1 5 0 145 203 208 206 138 147 207 144
0 1 5 0 203 150 204 208 147 66 148 207
0 1 5 0 208 204 151 205 207 148 139 149
0 1 5 0 206 208 205 146 144 207 149 143
0 1 5 0 131 52 23 57 143 139 77 140
0 1 5 0 58 131 57 19 141 143 140 80
0 1 5 0 67 138 143 141 15 62 142 79
0 1 5 0 138 66 139 143 62 25 75 142
0 1 5 0 143 139 77 140 142 75 14 78
0 1 5 0 141 143 140 80 79 142 78 6

# attr geom nodes
boundary
96
1 3 30 81 27 0
2 3 0 27 82 35
5 3 30 0 35 85
1 3 81 28 8 27
2 3 27 8 36 82
1 3 29 20 28 81
1 3 11 29 81 30
5 3 11 30 85 38
2 3 35 82 31 16
5 3 85 35 16 34
2 3 82 36 21 31
5 3 38 85 34 24
1 3 28 100 39 8
2 3 8 39 101 36
1 3 100 40 1 39
2 3 39 1 45 101
3 3 1 40 102 45
1 3 41 9 40 100
3 3 40 9 46 102
1 3 20 41 100 28
2 3 36 101 42 21
2 3 101 45 17 42
3 3 45 102 43 17
3 3 102 46 22 43
1 3 49 114 41 20
1 3 114 47 9 41
3 3 9 47 115 46
1 3 48 3 47 114
3 3 47 3 53 115
4 3 3 48 116 53
1 3 10 48 114 49
4 3 48 10 54 116
3 3 46 115 50 22
3 3 115 53 18 50
4 3 53 116 51 18
4 3 116 54 23 51
1 3 56 128 29 11
5 3 56 11 38 130
1 3 128 49 20 29
1 3 55 10 49 128
4 3 10 55 129 54
1 3 2 55 128 56
4 3 55 2 59 129
5 3 2 56 130 59
5 3 130 38 24 58
4 3 54 129 57 23
4 3 129 59 19 57
5 3 59 130 58 19
2 3 16 31 172 64
5 3 34 16 64 173
2 3 31 21 65 172
5 3 24 34 173 67
2 3 64 172 60 4
5 3 173 64 4 63
6 3 4 60 174 63
2 3 172 65 12 60
6 3 60 12 61 174
6 3 174 61 25 62
5 3 67 173 63 15
6 3 63 174 62 15
2 3 21 42 162 65
2 3 42 17 71 162
3 3 17 43 163 71
3 3 43 22 72 163
2 3 65 162 68 12
6 3 12 68 165 61
2 3 162 71 5 68
3 3 71 163 69 5
6 3 68 5 69 165
3 3 163 72 13 69
6 3 165 69 13 70
6 3 61 165 70 25
3 3 22 50 153 72
3 3 50 18 76 153
4 3 18 51 154 76
4 3 51 23 77 154
6 3 25 70 155 75
3 3 72 153 73 13
6 3 70 13 73 155
3 3 153 76 7 73
4 3 76 154 74 7
6 3 155 73 7 74
4 3 154 77 14 74
6 3 75 155 74 14
5 3 58 24 67 141
4 3 23 57 140 77
4 3 57 19 80 140
5 3 19 58 141 80
5 3 141 67 15 79
6 3 15 62 142 79
6 3 62 25 75 142
4 3 77 140 78 14
6 3 142 75 14 78
4 3 140 80 6 78
5 3 80 141 79 6
6 3 79 142 78 6

# vert_id p1 p2
vertex_parents
215
8 0 1
9 1 3
10 2 3
11 0 2
12 4 5
13 5 7
14 6 7
15 4 6
16 0 4
17 1 5
18 3 7
19 2 6
20 9 11
21 16 17
22 17 18
23 18 19
24 16 19
25 13 15
26 21 23
27 0 8
28 8 20
29 11 20
30 0 11
31 16 21
32 21 26
33 24 26
34 16 24
35 0 16
36 8 21
37 20 26
38 11 24
39 1 8
40 1 9
41 9 20
42 17 21
43 17 22
44 22 26
45 1 17
46 9 22
47 3 9
48 3 10
49 10 20
50 18 22
51 18 23
52 23 26
53 3 18
54 10 23
55 2 10
56 2 11
57 19 23
58 19 24
59 2 19
60 4 12
61 12 25
62 15 25
63 4 15
64 4 16
65 12 21
66 25 26
67 15 24
68 5 12
69 5 13
70 13 25
71 5 17
72 13 22
73 7 13
74 7 14
75 14 25
76 7 18
77 14 23
78 6 14
79 6 15
80 6 19
81 28 30
82 35 36
83 36 37
84 37 38
85 35 38
86 32 34
87 82 84
88 83 87
89 37 83
90 37 84
91 84 87
92 86 87
93 32 86
94 32 83
95 26 32
96 26 33
97 33 86
98 26 37
99 33 84
100 28 40
101 36 45
102 45 46
103 37 46
104 32 43
105 101 103
106 83 105
107 103 105
108 37 103
109 32 104
110 104 105
111 44 104
112 44 103
113 26 44
114 47 49
115 46 53
116 53 54
117 37 54
118 50 52
119 103 116
120 103 119
121 117 119
122 37 117
123 44 118
124 52 118
125 26 52
126 118 119
127 52 117
128 49 56
129 54 59
130 38 59
131 52 58
132 84 129
133 84 132
134 117 132
135 33 131
136 131 132
137 52 131
138 66 67
139 66 77
140 77 80
141 67 80
142 75 79
143 138 140
144 138 143
145 33 138
146 131 143
147 66 138
148 66 139
149 139 143
150 26 66
151 52 139
152 66 72
153 72 76
154 76 77
155 73 75
156 152 154
157 66 152
158 152 156
159 139 156
160 44 152
161 118 156
162 65 71
163 71 72
164 65 66
165 61 69
166 152 162
167 164 166
168 104 166
169 32 164
170 152 166
171 66 164
172 64 65
173 64 67
174 61 63
175 138 172
176 86 175
177 164 175
178 138 175
179 89 91
180 92 94
181 94 98
182 98 99
183 92 99
184 95 97
185 180 182
186 89 107
187 94 110
188 110 112
189 98 112
190 95 111
191 187 189
192 120 122
193 112 126
194 126 127
195 98 127
196 123 125
197 189 194
198 122 133
199 127 136
200 99 136
201 125 135
202 182 199
203 145 150
204 150 151
205 146 151
206 145 146
207 144 148
208 203 205
209 150 160
210 160 161
211 151 161
212 148 158
213 209 211
214 168 169
215 160 168
216 150 169
217 170 171
218 209 214
219 169 176
220 145 176
221 171 178
222 203 219

# top-level node coordinates
coordinates
8
3
0 0 0
1 0 0
0 1 0
1 1 0
0 0 1
1 0 1
0 1 1
1 1 1

mfem_mesh_end
