MFEM mesh v1.1

#
# MFEM Geometry Types (see mesh/geom.hpp):
#
# POINT       = 0
# SEGMENT     = 1
# TRIANGLE    = 2
# SQUARE      = 3
# TETRAHEDRON = 4
# CUBE        = 5
#

dimension
3

elements
120
1 5 0 1 6 5 25 26 31 30
1 5 1 2 7 6 26 27 32 31
1 5 2 3 8 7 27 28 33 32
1 5 3 4 9 8 28 29 34 33
1 5 5 6 11 10 30 31 36 35
1 5 6 7 12 11 31 32 37 36
1 5 7 8 13 12 32 33 38 37
1 5 8 9 14 13 33 34 39 38
1 5 10 11 16 15 35 36 41 40
1 5 11 12 17 16 36 37 42 41
1 5 12 13 18 17 37 38 43 42
1 5 13 14 19 18 38 39 44 43
1 5 15 16 21 20 40 41 46 45
1 5 16 17 22 21 41 42 47 46
1 5 17 18 23 22 42 43 48 47
1 5 18 19 24 23 43 44 49 48
1 5 25 26 31 30 50 51 56 55
1 5 26 27 32 31 51 52 57 56
1 5 27 28 33 32 52 53 58 57
1 5 28 29 34 33 53 54 59 58
1 5 30 31 36 35 55 56 61 60
1 5 31 125 179 127 137 180 185 183
1 5 125 32 128 179 180 139 181 185
1 5 179 128 37 129 185 181 146 182
1 5 127 179 129 36 183 185 182 143
1 5 137 180 185 183 56 138 184 142
1 5 180 139 181 185 138 57 144 184
1 5 185 181 146 182 184 144 62 145
1 5 183 185 182 143 142 184 145 61
1 5 32 126 186 128 139 187 191 181
1 5 126 33 130 186 187 141 188 191
1 5 186 130 38 131 191 188 149 189
1 5 128 186 131 37 181 191 189 146
1 5 139 187 191 181 57 140 190 144
1 5 187 141 188 191 140 58 147 190
1 5 191 188 149 189 190 147 63 148
1 5 181 191 189 146 144 190 148 62
1 5 33 34 39 38 58 59 64 63
1 5 35 36 41 40 60 61 66 65
1 5 36 129 192 132 143 182 197 195
1 5 129 37 133 192 182 146 193 197
1 5 192 133 42 134 197 193 154 194
1 5 132 192 134 41 195 197 194 151
1 5 143 182 197 195 61 145 196 150
1 5 182 146 193 197 145 62 152 196
1 5 197 193 154 194 196 152 67 153
1 5 195 197 194 151 150 196 153 66
1 5 37 131 198 133 146 189 202 193
1 5 131 38 135 198 189 149 199 202
1 5 198 135 43 136 202 199 157 200
1 5 133 198 136 42 193 202 200 154
1 5 146 189 202 193 62 148 201 152
1 5 189 149 199 202 148 63 155 201
1 5 202 199 157 200 201 155 68 156
1 5 193 202 200 154 152 201 156 67
1 5 38 39 44 43 63 64 69 68
1 5 40 41 46 45 65 66 71 70
1 5 41 42 47 46 66 67 72 71
1 5 42 43 48 47 67 68 73 72
1 5 43 44 49 48 68 69 74 73
1 5 50 51 56 55 75 76 81 80
1 5 51 52 57 56 76 77 82 81
1 5 52 53 58 57 77 78 83 82
1 5 53 54 59 58 78 79 84 83
1 5 55 56 61 60 80 81 86 85
1 5 56 138 184 142 158 203 208 206
1 5 138 57 144 184 203 160 204 208
1 5 184 144 62 145 208 204 167 205
1 5 142 184 145 61 206 208 205 164
1 5 158 203 208 206 81 159 207 163
1 5 203 160 204 208 159 82 165 207
1 5 208 204 167 205 207 165 87 166
1 5 206 208 205 164 163 207 166 86
1 5 57 140 190 144 160 209 213 204
1 5 140 58 147 190 209 162 210 213
1 5 190 147 63 148 213 210 170 211
1 5 144 190 148 62 204 213 211 167
1 5 160 209 213 204 82 161 212 165
1 5 209 162 210 213 161 83 168 212
1 5 213 210 170 211 212 168 88 169
1 5 204 213 211 167 165 212 169 87
1 5 58 59 64 63 83 84 89 88
1 5 60 61 66 65 85 86 91 90
1 5 61 145 196 150 164 205 218 216
1 5 145 62 152 196 205 167 214 218
1 5 196 152 67 153 218 214 175 215
1 5 150 196 153 66 216 218 215 172
1 5 164 205 218 216 86 166 217 171
1 5 205 167 214 218 166 87 173 217
1 5 218 214 175 215 217 173 92 174
1 5 216 218 215 172 171 217 174 91
1 5 62 148 201 152 167 211 222 214
1 5 148 63 155 201 211 170 219 222
1 5 201 155 68 156 222 219 178 220
1 5 152 201 156 67 214 222 220 175
1 5 167 211 222 214 87 169 221 173
1 5 211 170 219 222 169 88 176 221
1 5 222 219 178 220 221 176 93 177
1 5 214 222 220 175 173 221 177 92
1 5 63 64 69 68 88 89 94 93
1 5 65 66 71 70 90 91 96 95
1 5 66 67 72 71 91 92 97 96
1 5 67 68 73 72 92 93 98 97
1 5 68 69 74 73 93 94 99 98
1 5 75 76 81 80 100 101 106 105
1 5 76 77 82 81 101 102 107 106
1 5 77 78 83 82 102 103 108 107
1 5 78 79 84 83 103 104 109 108
1 5 80 81 86 85 105 106 111 110
1 5 81 82 87 86 106 107 112 111
1 5 82 83 88 87 107 108 113 112
1 5 83 84 89 88 108 109 114 113
1 5 85 86 91 90 110 111 116 115
1 5 86 87 92 91 111 112 117 116
1 5 87 88 93 92 112 113 118 117
1 5 88 89 94 93 113 114 119 118
1 5 90 91 96 95 115 116 121 120
1 5 91 92 97 96 116 117 122 121
1 5 92 93 98 97 117 118 123 122
1 5 93 94 99 98 118 119 124 123

boundary
96
1 3 5 6 1 0
2 3 0 1 26 25
5 3 5 0 25 30
1 3 6 7 2 1
2 3 1 2 27 26
1 3 7 8 3 2
2 3 2 3 28 27
1 3 8 9 4 3
2 3 3 4 29 28
3 3 4 9 34 29
1 3 10 11 6 5
5 3 10 5 30 35
1 3 11 12 7 6
1 3 12 13 8 7
1 3 13 14 9 8
3 3 9 14 39 34
1 3 15 16 11 10
5 3 15 10 35 40
1 3 16 17 12 11
1 3 17 18 13 12
1 3 18 19 14 13
3 3 14 19 44 39
1 3 20 21 16 15
4 3 21 20 45 46
5 3 20 15 40 45
1 3 21 22 17 16
4 3 22 21 46 47
1 3 22 23 18 17
4 3 23 22 47 48
1 3 23 24 19 18
3 3 19 24 49 44
4 3 24 23 48 49
2 3 25 26 51 50
5 3 30 25 50 55
2 3 26 27 52 51
2 3 27 28 53 52
2 3 28 29 54 53
3 3 29 34 59 54
5 3 35 30 55 60
3 3 34 39 64 59
5 3 40 35 60 65
3 3 39 44 69 64
4 3 46 45 70 71
5 3 45 40 65 70
4 3 47 46 71 72
4 3 48 47 72 73
3 3 44 49 74 69
4 3 49 48 73 74
2 3 50 51 76 75
5 3 55 50 75 80
2 3 51 52 77 76
2 3 52 53 78 77
2 3 53 54 79 78
3 3 54 59 84 79
5 3 60 55 80 85
3 3 59 64 89 84
5 3 65 60 85 90
3 3 64 69 94 89
4 3 71 70 95 96
5 3 70 65 90 95
4 3 72 71 96 97
4 3 73 72 97 98
3 3 69 74 99 94
4 3 74 73 98 99
2 3 75 76 101 100
5 3 80 75 100 105
6 3 100 101 106 105
2 3 76 77 102 101
6 3 101 102 107 106
2 3 77 78 103 102
6 3 102 103 108 107
2 3 78 79 104 103
3 3 79 84 109 104
6 3 103 104 109 108
5 3 85 80 105 110
6 3 105 106 111 110
6 3 106 107 112 111
6 3 107 108 113 112
3 3 84 89 114 109
6 3 108 109 114 113
5 3 90 85 110 115
6 3 110 111 116 115
6 3 111 112 117 116
6 3 112 113 118 117
3 3 89 94 119 114
6 3 113 114 119 118
4 3 96 95 120 121
5 3 95 90 115 120
6 3 115 116 121 120
4 3 97 96 121 122
6 3 116 117 122 121
4 3 98 97 122 123
6 3 117 118 123 122
3 3 94 99 124 119
4 3 99 98 123 124
6 3 118 119 124 123

vertex_parents
98
125 31 32
126 32 33
127 31 36
128 32 37
129 36 37
130 33 38
131 37 38
132 36 41
133 37 42
134 41 42
135 38 43
136 42 43
137 31 56
138 56 57
139 32 57
140 57 58
141 33 58
142 56 61
143 36 61
144 57 62
145 61 62
146 37 62
147 58 63
148 62 63
149 38 63
150 61 66
151 41 66
152 62 67
153 66 67
154 42 67
155 63 68
156 67 68
157 43 68
158 56 81
159 81 82
160 57 82
161 82 83
162 58 83
163 81 86
164 61 86
165 82 87
166 86 87
167 62 87
168 83 88
169 87 88
170 63 88
171 86 91
172 66 91
173 87 92
174 91 92
175 67 92
176 88 93
177 92 93
178 68 93
179 127 128
180 137 139
181 139 146
182 143 146
183 137 143
184 142 144
185 180 182
186 128 130
187 139 141
188 141 149
189 146 149
190 144 147
191 187 189
192 132 133
193 146 154
194 151 154
195 143 151
196 150 152
197 182 194
198 133 135
199 149 157
200 154 157
201 152 155
202 189 200
203 158 160
204 160 167
205 164 167
206 158 164
207 163 165
208 203 205
209 160 162
210 162 170
211 167 170
212 165 168
213 209 211
214 167 175
215 172 175
216 164 172
217 171 173
218 205 215
219 170 178
220 175 178
221 173 176
222 211 220

coarse_elements
8
7 21 22 23 24 25 26 27 28
7 29 30 31 32 33 34 35 36
7 39 40 41 42 43 44 45 46
7 47 48 49 50 51 52 53 54
7 65 66 67 68 69 70 71 72
7 73 74 75 76 77 78 79 80
7 83 84 85 86 87 88 89 90
7 91 92 93 94 95 96 97 98

vertices
223
3
0 0 0
0.25 0 0
0.5 0 0
0.75 0 0
1 0 0
0 0.25 0
0.25 0.25 0
0.5 0.25 0
0.75 0.25 0
1 0.25 0
0 0.5 0
0.25 0.5 0
0.5 0.5 0
0.75 0.5 0
1 0.5 0
0 0.75 0
0.25 0.75 0
0.5 0.75 0
0.75 0.75 0
1 0.75 0
0 1 0
0.25 1 0
0.5 1 0
0.75 1 0
1 1 0
0 0 0.25
0.25 0 0.25
0.5 0 0.25
0.75 0 0.25
1 0 0.25
0 0.25 0.25
0.25 0.25 0.25
0.5 0.25 0.25
0.75 0.25 0.25
1 0.25 0.25
0 0.5 0.25
0.25 0.5 0.25
0.5 0.5 0.25
0.75 0.5 0.25
1 0.5 0.25
0 0.75 0.25
0.25 0.75 0.25
0.5 0.75 0.25
0.75 0.75 0.25
1 0.75 0.25
0 1 0.25
0.25 1 0.25
0.5 1 0.25
0.75 1 0.25
1 1 0.25
0 0 0.5
0.25 0 0.5
0.5 0 0.5
0.75 0 0.5
1 0 0.5
0 0.25 0.5
0.25 0.25 0.5
0.5 0.25 0.5
0.75 0.25 0.5
1 0.25 0.5
0 0.5 0.5
0.25 0.5 0.5
0.5 0.5 0.5
0.75 0.5 0.5
1 0.5 0.5
0 0.75 0.5
0.25 0.75 0.5
0.5 0.75 0.5
0.75 0.75 0.5
1 0.75 0.5
0 1 0.5
0.25 1 0.5
0.5 1 0.5
0.75 1 0.5
1 1 0.5
0 0 0.75
0.25 0 0.75
0.5 0 0.75
0.75 0 0.75
1 0 0.75
0 0.25 0.75
0.25 0.25 0.75
0.5 0.25 0.75
0.75 0.25 0.75
1 0.25 0.75
0 0.5 0.75
0.25 0.5 0.75
0.5 0.5 0.75
0.75 0.5 0.75
1 0.5 0.75
0 0.75 0.75
0.25 0.75 0.75
0.5 0.75 0.75
0.75 0.75 0.75
1 0.75 0.75
0 1 0.75
0.25 1 0.75
0.5 1 0.75
0.75 1 0.75
1 1 0.75
0 0 1
0.25 0 1
0.5 0 1
0.75 0 1
1 0 1
0 0.25 1
0.25 0.25 1
0.5 0.25 1
0.75 0.25 1
1 0.25 1
0 0.5 1
0.25 0.5 1
0.5 0.5 1
0.75 0.5 1
1 0.5 1
0 0.75 1
0.25 0.75 1
0.5 0.75 1
0.75 0.75 1
1 0.75 1
0 1 1
0.25 1 1
0.5 1 1
0.75 1 1
1 1 1
0.375 0.25 0.25
0.625 0.25 0.25
0.25 0.375 0.25
0.5 0.375 0.25
0.375 0.5 0.25
0.75 0.375 0.25
0.625 0.5 0.25
0.25 0.625 0.25
0.5 0.625 0.25
0.375 0.75 0.25
0.75 0.625 0.25
0.625 0.75 0.25
0.25 0.25 0.375
0.375 0.25 0.5
0.5 0.25 0.375
0.625 0.25 0.5
0.75 0.25 0.375
0.25 0.375 0.5
0.25 0.5 0.375
0.5 0.375 0.5
0.375 0.5 0.5
0.5 0.5 0.375
0.75 0.375 0.5
0.625 0.5 0.5
0.75 0.5 0.375
0.25 0.625 0.5
0.25 0.75 0.375
0.5 0.625 0.5
0.375 0.75 0.5
0.5 0.75 0.375
0.75 0.625 0.5
0.625 0.75 0.5
0.75 0.75 0.375
0.25 0.25 0.625
0.375 0.25 0.75
0.5 0.25 0.625
0.625 0.25 0.75
0.75 0.25 0.625
0.25 0.375 0.75
0.25 0.5 0.625
0.5 0.375 0.75
0.375 0.5 0.75
0.5 0.5 0.625
0.75 0.375 0.75
0.625 0.5 0.75
0.75 0.5 0.625
0.25 0.625 0.75
0.25 0.75 0.625
0.5 0.625 0.75
0.375 0.75 0.75
0.5 0.75 0.625
0.75 0.625 0.75
0.625 0.75 0.75
0.75 0.75 0.625
0.375 0.375 0.25
0.375 0.25 0.375
0.5 0.375 0.375
0.375 0.5 0.375
0.25 0.375 0.375
0.375 0.375 0.5
0.375 0.375 0.375
0.625 0.375 0.25
0.625 0.25 0.375
0.75 0.375 0.375
0.625 0.5 0.375
0.625 0.375 0.5
0.625 0.375 0.375
0.375 0.625 0.25
0.5 0.625 0.375
0.375 0.75 0.375
0.25 0.625 0.375
0.375 0.625 0.5
0.375 0.625 0.375
0.625 0.625 0.25
0.75 0.625 0.375
0.625 0.75 0.375
0.625 0.625 0.5
0.625 0.625 0.375
0.375 0.25 0.625
0.5 0.375 0.625
0.375 0.5 0.625
0.25 0.375 0.625
0.375 0.375 0.75
0.375 0.375 0.625
0.625 0.25 0.625
0.75 0.375 0.625
0.625 0.5 0.625
0.625 0.375 0.75
0.625 0.375 0.625
0.5 0.625 0.625
0.375 0.75 0.625
0.25 0.625 0.625
0.375 0.625 0.75
0.375 0.625 0.625
0.75 0.625 0.625
0.625 0.75 0.625
0.625 0.625 0.75
0.625 0.625 0.625
